"","baseMean","log2FoldChange","lfcSE","pvalue","padj"
"1327",2518.34831280464,-3.46946995603327,0.0698527359047876,0,0
"1351",1943.11862687269,-4.40272226247145,0.095287428842585,0,0
"1630",6238.63007069188,-2.79530687175109,0.0592654221889898,0,0
"2806",2117.17038684693,-2.60578934238354,0.0654284761965034,0,0
"2924",8775.98621629271,-2.91497332317199,0.0490380378787775,0,0
"3502",1202.75289403195,-4.0576200036703,0.0908438309404225,0,0
"3965",1890.95000813286,-4.86179881971015,0.0952423765290969,0,0
"3975",6576.46256405803,-7.74288599008296,0.130247284409874,0,0
"4597",1761.97651687969,-2.94413012883725,0.0779926448868089,0,0
"4764",3128.29705008032,-2.14000845555842,0.0499068317114169,0,0
"4996",4292.36212088708,-4.47059454759745,0.0671475590490972,0,0
"6064",1787.09496288147,-6.5244069853706,0.14576844931402,0,0
"6373",1876.79445253919,-2.68046435539162,0.0638750297185541,0,0
"7043",3723.58683544554,-2.43514169193587,0.0594434346294913,0,0
"7877",1572.52089337085,-3.90475535469701,0.0921218095027011,0,0
"9365",4370.51826304209,-3.37858154563156,0.0706059812372142,0,0
"9369",2066.27638634372,-6.65893314101504,0.160060783108738,0,0
"10232",1850.07527377526,-3.55000978231003,0.0776333548821342,0,0
"11948",1145.49322962484,-5.42800533178275,0.132584818792274,0,0
"12204",2496.41853797783,-5.59671792498105,0.107296165179362,0,0
"12205",5647.0968609853,-5.62538087417028,0.0760178210924387,0,0
"3584",887.78085361252,-4.20250543814588,0.113553634669979,2.16733086843777e-300,9.50095928984018e-298
"1908",973.739940264466,-4.92670088138194,0.133790584468253,1.73408019330723e-297,7.19080875835483e-295
"4611",1796.28864451088,-2.93263725377072,0.0797060313043285,2.37339813677706e-297,9.58290726646591e-295
"1186",5213.50205830203,-2.00228200140791,0.054603745120033,1.75007677780692e-294,6.88498153894654e-292
"12060",9591.90472103848,-1.93467217981564,0.054023041942539,1.6000070041397e-281,6.13722686612885e-279
"8761",837.935070008968,-4.82008180214331,0.141640284715332,1.02836043192576e-254,3.75669859691357e-252
"8047",707.223640268693,-3.1842223597777,0.0943972943487798,3.50533979294606e-250,1.22232791916298e-247
"15523",1813.29065931254,-7.41713036385593,0.225163846436794,3.83470651009899e-237,1.22574795800935e-234
"1686",770.471531293883,-6.30692171805253,0.191862512655934,4.70539788958765e-237,1.47336571061109e-234
"11667",1657.95784154661,-2.48173252905978,0.0759879414514625,8.49353039998499e-235,2.55522033190137e-232
"3140",736.593197823147,-2.90597519936193,0.0914318453902856,2.42301497321922e-222,7.01439976115142e-220
"6509",895.234266498345,-2.75876952814334,0.0882637554614867,2.98365234187772e-215,8.47744034841293e-213
"3925",972.838211964945,-2.89986667066811,0.0927528445733728,3.09798272926906e-215,8.6422452754864e-213
"11705",616.473377651874,-4.93369495142267,0.163801672113076,1.23294084303384e-199,3.31877392187162e-197
"7136",802.837232376898,-2.77045936547655,0.092124944399741,1.52835878197281e-199,4.04303599858772e-197
"252",612.979155167437,-3.7243143385662,0.125702817714995,1.48233246449946e-193,3.7284306561992e-191
"10027",496.057934908315,-3.38838661988649,0.114691601407663,2.00380283211528e-192,4.80380419580388e-190
"7206",824.194305726898,-3.02831616613247,0.102807325910668,1.80046931077321e-191,4.24993855926051e-189
"6491",684.251891855859,-3.82752276729041,0.130151311227485,1.23102495873678e-190,2.86175999119673e-188
"2910",813.748426368833,-2.2232786279828,0.0766859251642644,1.45035251396574e-185,3.2724645032024e-183
"9010",835.058194542647,-2.91896195220582,0.10080530992643,3.82029913028978e-185,8.49490573275886e-183
"10364",700.176848677164,-2.81704658930293,0.0978123613345545,4.15284447353459e-183,8.97423841654102e-181
"1916",610.773734706834,-2.80782405650712,0.0977437505338046,3.9463270997567e-182,8.40951342938431e-180
"7506",698.092717867115,-2.69402701850251,0.0938460977515467,5.07174897969762e-182,1.06597047391097e-179
"3990",1413.37792396248,-7.68897716108842,0.268449022978475,8.02713340523062e-180,1.64213743781938e-177
"7621",691.406612388987,-3.56673268002428,0.12641978624191,6.80990791072758e-176,1.35694048148433e-173
"14287",1701.60233627902,-7.44636350970679,0.263339986360309,7.12674719647964e-176,1.40186772096907e-173
"15772",842.667591047481,-6.11278507944008,0.217188771836296,3.77653165496427e-174,7.33459812431859e-172
"43",535.561625345351,-4.55505576911391,0.163251143178083,7.19190818084645e-172,1.37931809023409e-169
"4200",1068.49494455452,-1.99398504836931,0.0720330568057986,1.8493463566877e-169,3.50302730255055e-167
"10895",528.655154202052,-6.2405268017345,0.22516113862858,5.69855510151508e-169,1.066255255153e-166
"10752",460.031333192905,-3.40429908612383,0.124685438484636,8.38954111207821e-165,1.53238963431686e-162
"3013",435.145909972934,-4.02392792872112,0.148759352032558,1.16826366905116e-161,2.10878464402964e-159
"9201",485.432188251038,-4.6519108614949,0.172511941526156,1.34031781413802e-160,2.36373519796777e-158
"13273",679.5227695138,-3.15230352704427,0.118360859754482,5.41656199871478e-157,9.33778772430122e-155
"4628",600.783754582484,-2.54313525552472,0.0963329097717578,2.92681847668963e-154,4.88110607476619e-152
"8044",560.960207343511,-6.02871807517526,0.228034658831256,5.77935665483337e-154,9.53469560807617e-152
"6759",518.652177738878,-2.95281886615947,0.112678831312279,5.32721494848583e-152,8.69526159091682e-150
"4896",477.657883331457,-3.47646472032451,0.132852823073891,1.47055180076979e-151,2.35027877908447e-149
"9094",733.230773554072,-2.61120267887926,0.100213203528952,1.83832348174238e-150,2.87810175309932e-148
"8926",626.639741835658,-3.3368191067646,0.12836768920315,1.25510397515417e-149,1.94515760513035e-147
"5689",547.291504265649,-2.67324106058885,0.103220234916121,1.43170572260073e-148,2.19666609018631e-146
"4960",663.334593582993,-5.84045101032417,0.228754064498792,9.81588256738641e-144,1.47652045324912e-141
"11944",504.3443400883,-2.86847713716587,0.112983028158695,7.87239903731871e-143,1.16140594643828e-140
"12016",11541.6143209878,-1.38452380451659,0.055108428216442,4.44384431480596e-140,6.37214049738951e-138
"3991",396.508444590233,-3.56114005233046,0.141738565332944,6.29883591775874e-140,8.948429582053e-138
"11743",451.330581558846,-4.50769763382861,0.180164315979555,1.56545546776663e-138,2.18352574926758e-136
"9020",614.673115499596,-2.35669650012032,0.0948581485599467,7.50877785348591e-137,1.02863552326816e-134
"1875",836.434022051424,-2.25719237270573,0.0913984333939805,2.45103628821913e-135,3.27010867566488e-133
"13670",536.474098744091,-2.73639440810095,0.111048958781735,1.00502058072841e-134,1.32931299742379e-132
"6937",334.026601839758,-3.83938369914257,0.157560806727361,1.05330532650653e-131,1.38127039526407e-129
"2368",627.29352391145,-2.33056741199742,0.0961876972945083,2.84263090028987e-130,3.66508284900399e-128
"7827",371.83778735822,-3.92419755229714,0.162691198775428,2.95013408681567e-129,3.74081878462916e-127
"5060",345.721410659256,-4.60310307647887,0.190914824030485,5.44552539258766e-129,6.84841771298955e-127
"7962",378.918083189243,-3.76976972504052,0.157737041432976,6.71197837883413e-127,8.30499066664935e-125
"10401",333.573804749096,-3.64613247854412,0.153820300410663,6.35071962624599e-125,7.67236938783403e-123
"8217",367.652357261169,-3.57817537178715,0.150863923983189,6.85684590368238e-125,8.21910833595302e-123
"8035",1112.66767557371,-1.81742066464478,0.0771921028800753,5.24777577747364e-123,6.19358644259831e-121
"14284",368.466516211697,-5.19363405613315,0.221601011567969,5.35410840150581e-122,6.22333978820482e-120
"13907",410.473851893715,-2.92632620527412,0.125333205839682,3.10062099053971e-121,3.57690435021434e-119
"11972",447.226225862313,-2.69612037097968,0.116547003662766,5.42187046386557e-119,6.11674695052128e-117
"6211",335.960947424462,-2.95331492530833,0.127969947756691,1.39706609328756e-118,1.55327428038486e-116
"7623",418.644699759153,-6.10265613981632,0.263722195344677,2.85413670862271e-118,3.15043305902145e-116
"4246",425.012918097464,-2.93356569567945,0.127481643717067,8.42654003553192e-118,9.16939033795506e-116
"11479",440.560397316086,-2.86734311394333,0.124763191761765,1.51554710578748e-117,1.62608666042638e-115
"1256",288.998831701969,-4.47520750487948,0.194937648353805,4.5395485997555e-117,4.83682598375338e-115
"11191",418.751840269846,-3.73189003038529,0.166463004364725,5.7346147468282e-112,5.98545537827109e-110
"33",329.452065709463,-4.17928023127629,0.186377996515981,9.07258329630877e-112,9.34232520236681e-110
"15344",610.791096702036,-7.20513239239905,0.320063919981282,1.23415113878809e-111,1.26237206149505e-109
"9981",468.069313627406,-2.77799958627063,0.124097327659343,1.58784906364962e-111,1.613401866462e-109
"6068",761.311804000566,-1.68377922637043,0.0753355417330889,3.5930264764151e-111,3.6268292912919e-109
"6542",339.869253012712,-5.1497525791046,0.230330471092894,5.46440292744906e-111,5.47976039972882e-109
"11973",1460.50854640674,-9.31554442848381,0.417962782209047,4.47434788751905e-109,4.37260634638247e-107
"7909",362.137246728331,-4.27195047505377,0.193433742731525,1.08724177047631e-108,1.05579433445684e-106
"14377",640.409387414664,-2.34208515763296,0.106215451660199,1.87719897540999e-108,1.80011649248222e-106
"8614",580.485725314776,-2.84685553790734,0.130017932822819,5.94728121894845e-107,5.63266270014358e-105
"15960",688.412995836099,-6.18905492150726,0.283728871717337,4.83947324144836e-106,4.55533975113756e-104
"7861",378.548499091303,-2.50926463551414,0.115198603829527,6.82394329794451e-106,6.38413183050992e-104
"2918",326.695027145306,-3.59165360033018,0.16582075291072,1.36660777473227e-104,1.27077958107377e-102
"6357",347.167745334612,-3.99000991835916,0.184401193017508,3.16139193214445e-104,2.92200219366821e-102
"6215",271.134256189776,-3.54477848718042,0.164387990992801,7.27138885975488e-104,6.68053408833647e-102
"3329",420.386419789447,-2.52241285929091,0.117464050621216,5.4691754089331e-103,4.96529930764855e-101
"10997",291.777513102653,-4.98597119533925,0.231839036560601,1.15977312577835e-102,1.03455808539635e-100
"9160",438.349059343823,-2.30152641463926,0.108402947682708,1.35307932940095e-100,1.19312046844821e-98
"2348",469.127884663644,-2.60966139538033,0.123358055951303,5.44618268194605e-100,4.77490176509133e-98
"9553",259.230568570895,-4.62370422508043,0.21897690711669,2.55022557995715e-99,2.21062774425325e-97
"9240",1920.06706030168,-10.7962515775166,0.505389627291926,2.76887586036379e-99,2.38667765873941e-97
"12264",256.360635391843,-3.7643118355708,0.178705224287747,3.6697270245653e-99,3.14550959429639e-97
"97",979.184796857992,-1.94335051445446,0.0925420609692543,1.70119376764785e-98,1.45007866539005e-96
"2872",374.540561215013,-2.42476415608729,0.116716921948751,1.83415220513074e-96,1.52115660990924e-94
"6377",326.361819709041,-2.51021340363268,0.121606438567204,2.37447060795111e-95,1.93784587966988e-93
"1636",387.341479602192,-2.46283230829998,0.120206360107315,5.6515741617608e-94,4.5399006473244e-92
"3138",317.20872977977,-2.90150767473004,0.142269596403085,3.55309304410289e-93,2.82461692101921e-91
"7693",268.420010455881,-3.96269890942864,0.195082458690935,2.24793564109542e-92,1.76872187391421e-90
"4454",381.397972713756,-2.9522696881279,0.145763387254142,8.48633131849712e-92,6.60943052891885e-90
"4299",582.329799527947,-6.92262003117712,0.339693854361643,1.13340201044335e-91,8.78272073042037e-90
"10380",349.968815592245,-2.30189761596924,0.114242619689177,4.6636908003551e-91,3.57775039749241e-89
"11935",332.50962153136,-2.99370964365945,0.149772062599895,1.07676632606403e-89,8.09844399058845e-88
"5682",822.864585913383,-2.13759418293177,0.107011247784832,3.48241970431285e-89,2.60637880601327e-87
"9780",216.793770342949,-3.15854813142423,0.158354610349779,3.67367137496329e-89,2.73617184010009e-87
"1086",248.691208771585,-4.25631117153617,0.21336264091707,5.40904303870473e-89,4.00922450931627e-87
"10668",195.910588780123,-4.78362594137207,0.24014131600211,1.02348116363739e-88,7.51352703047298e-87
"4065",200.301686814461,-3.82192273489196,0.193122026293899,1.08381173482238e-87,7.91853497494272e-86
"828",297.013043867389,-2.71615922169064,0.13802485067118,7.53766850339461e-87,5.42959849049688e-85
"3183",266.230108098863,-4.99337550374579,0.25332301696575,7.9804966158217e-87,5.72171773722208e-85
"3472",365.411148389092,-2.38360790315861,0.123152112576861,3.07616751432926e-84,2.17500636738958e-82
"2745",631.124787207606,-1.77001153278411,0.0915030533323452,4.75511526870004e-84,3.34668502603966e-82
"778",602.368887792409,-1.590200670181,0.0821832336443175,7.07677387145688e-84,4.95794253469237e-82
"7904",474.803412280324,-2.01875646011668,0.104435385204768,7.37818831539171e-84,5.14561560559341e-82
"8146",246.350261772071,-3.40550562875009,0.176742727721234,1.96367147288507e-83,1.36328558409392e-81
"7746",209.290330081241,-3.81107205969004,0.197653755980692,2.05445800136155e-83,1.41988959976983e-81
"8011",296.978565236773,-2.59101507623194,0.134576632273832,2.83771645392813e-83,1.9524252714179e-81
"7860",251.740129748325,-5.7306480867334,0.296736931710648,5.90699382921349e-83,4.04602706792958e-81
"9499",963.708795233589,-1.88593868490512,0.0981879898854492,7.98651470157774e-83,5.4460931140581e-81
"12242",233.033767479986,-3.21017975106262,0.167928612994038,4.10233686184821e-82,2.76062081014636e-80
"10871",244.480085387884,-3.23399342472503,0.169438561219231,6.69876217084217e-82,4.48817065446425e-80
"6243",323.711321799632,-6.16871312200916,0.323165348093604,5.12800710177379e-81,3.42082665054414e-79
"10608",554.491185831073,-2.10921811511865,0.111050460390719,5.2146299980268e-81,3.46355272985823e-79
"12003",6176.93396655815,-1.05695161692169,0.0558718073975588,3.96255349259898e-80,2.60933297154275e-78
"11497",263.592754767159,-3.06065284730224,0.1629256495531,1.87585469247045e-79,1.21954400621077e-77
"8960",203.73088002017,-3.47609646158346,0.185240761637631,3.96911251985027e-79,2.55874341983456e-77
"4159",230.514497265762,-3.10925860742115,0.166534367540718,1.73151157208105e-78,1.1023478029228e-76
"9850",259.948075873796,-3.18513931736992,0.170944935732441,3.4027504429574e-78,2.14849382906566e-76
"4477",284.298843496207,-2.50281156795345,0.13460494200445,6.76360436403706e-78,4.25303203923855e-76
"953",774.253598512265,-1.59595467000858,0.0857355123974216,8.15994823262483e-78,5.11012594829236e-76
"1184",293.367294879455,-2.43878486916289,0.131316238856303,1.02485938310274e-77,6.39203964022171e-76
"11868",222.680878716932,-3.10280758583013,0.167389424961267,2.08252041506537e-77,1.28839156162694e-75
"5287",274.086553776179,-2.49639736781947,0.135538180430547,1.99483932072169e-76,1.22918954609771e-74
"7347",241.002057985267,-4.40248425308514,0.239235098964605,4.33712196430978e-76,2.6617784919362e-74
"1893",287.521276373051,-2.85755303619471,0.156073779511559,1.37612336349105e-75,8.37851617700126e-74
"4110",567.084519220617,-1.63697877033991,0.089696969749595,6.52793562425951e-75,3.9432329245281e-73
"10012",166.56988129906,-4.57849845597316,0.251513530272281,2.69868308332315e-74,1.61112430145631e-72
"8711",231.846767978032,-2.83400558931859,0.156413021151672,4.54292115034779e-74,2.69119842508827e-72
"10389",169.593056225494,-3.77493958245052,0.208284718592142,4.94291155217074e-74,2.91688815172906e-72
"1048",1083.78747422933,-1.09381799748379,0.0603310838287747,1.18491587639019e-73,6.96558018829684e-72
"7685",356.956225695328,-2.17472276533675,0.121642803353591,3.4985965942559e-72,2.04102538196457e-70
"1876",366.454666932744,-2.22921241831828,0.124566967747023,4.05669342279243e-72,2.3576457267388e-70
"1266",219.712864635616,-2.69277992747478,0.150863498617688,6.4462280360587e-72,3.73224440593391e-70
"941",279.498873975624,-2.33741155914977,0.131384117014034,1.96247356579752e-71,1.11933947658109e-69
"12173",402.926594729754,-2.11752802752005,0.119042775742853,2.88325913400374e-71,1.62639135636101e-69
"2672",165.781835460368,-3.30012139348952,0.186026416813176,4.8653491220124e-71,2.73439749373759e-69
"39",463.211847561009,-1.74840372562721,0.0985658995808541,7.36610169185507e-71,4.12474811161067e-69
"6108",189.968544817295,-3.01628155481,0.170597617543145,1.73708805912687e-70,9.65657322144334e-69
"2375",187.149640851974,-3.46740898613,0.196894806175759,4.55438178006603e-70,2.50458350005567e-68
"3222",446.682265829857,-1.77192317036197,0.100554449169986,4.84692284032007e-70,2.65594061210825e-68
"10394",292.134219781622,-3.10021325097408,0.178010022543472,9.37822545056621e-69,5.0665532777478e-67
"6196",214.91913714012,-3.16236098107798,0.181423885840445,1.05579050374898e-68,5.68385743825284e-67
"10577",228.624956146191,-3.64210758736189,0.209456265133573,1.68476506921895e-68,9.03823442553368e-67
"774",274.17594603728,-2.89730705023543,0.166652471452882,2.10396233389851e-68,1.12087132253489e-66
"619",181.668191527711,-3.01081845571774,0.173207722567266,2.31050149668246e-68,1.22664444510723e-66
"4859",252.144464724777,-3.05399122493799,0.176262604642846,5.89909781269849e-68,3.11030438969873e-66
"12131",274.204562034214,-2.77905660856211,0.160464062229888,5.88010488348543e-68,3.11030438969873e-66
"1860",409.590111308627,-1.68144150823301,0.0971899018098117,8.09159673171246e-68,4.25169070735152e-66
"10083",216.390808476595,-4.85025189692198,0.281092123931751,6.59766903324024e-67,3.44313047540834e-65
"15504",204.318230768372,-3.13745033345615,0.183985130928595,6.43839081898723e-66,3.3373050789095e-64
"2007",175.07566293384,-3.28332683790082,0.19261534427294,8.87688881508626e-66,4.58579478417066e-64
"7495",277.119885659197,-2.54293692681851,0.150351647874475,7.32531916750134e-65,3.7715561069454e-63
"10939",249.905086174992,-6.4697927278579,0.381553902972765,2.85988818179913e-64,1.4675339255299e-62
"11847",399.002198275914,-3.26462997817297,0.194800559591135,5.63475635873926e-64,2.88180222707121e-62
"9605",197.194879106495,-3.0213213531816,0.180007898306419,7.36361850128858e-64,3.75348832774986e-62
"9746",2945.55010358136,-12.1393942800331,0.70548480583433,1.62682759457078e-63,8.21066308667744e-62
"6279",335.71520240773,-2.05896143201079,0.123755717586901,5.53470570136727e-63,2.76609086567029e-61
"8652",217.682586495603,-2.73488806501247,0.164445426393115,9.20100903551562e-63,4.56864341850861e-61
"9204",192.530986326193,-2.6288008378006,0.159309284319611,6.49489526806917e-62,3.18374370920081e-60
"12369",915.956994117118,-1.48788949052789,0.0900405163410235,7.59423229641906e-62,3.71077408038082e-60
"3257",344.725834066093,-2.12317815848805,0.128929251689644,1.43994807897981e-61,7.0136899605674e-60
"6121",215.2684212748,-2.50201233751527,0.152133180207382,2.0176232996733e-61,9.79632730597704e-60
"7639",225.827090588171,-2.59670285990187,0.157917250692668,2.11785725332709e-61,1.02505627248573e-59
"11097",185.559385090422,-2.72352791561646,0.16571204263251,2.33599382861362e-61,1.12354712578115e-59
"9084",236.924900445992,-2.64267329711866,0.161290488005078,4.01305010674052e-61,1.92413211836625e-59
"2829",247.408113280596,-2.31179130893619,0.141135585712182,6.46019877134719e-61,3.07822452635963e-59
"7841",215.265938966125,-2.90410128640412,0.177520732328874,8.92293536713014e-61,4.23853242532129e-59
"8562",149.180893861631,-3.3289448022579,0.203669917541259,1.07005760961017e-60,5.05165966284581e-59
"11993",392.319780893443,-2.54525449867643,0.156053773863607,1.23099045372828e-60,5.79358482562977e-59
"510",150.663762413964,-4.70652000620989,0.28711513133478,1.30103655243742e-60,6.10452716331723e-59
"9101",221.43965663799,-2.64914098927746,0.162663786408094,2.56234046898509e-60,1.19495409773976e-58
"8419",204.229300654366,-2.76872122510439,0.170516547491167,5.24028503895377e-60,2.42173775158638e-58
"1751",408.758186035418,-1.70925428213142,0.10528506562806,8.25528659122829e-60,3.80362949457104e-58
"10526",211.101332462853,-3.14266072027508,0.193910600852785,1.06715055447064e-59,4.90218292133026e-58
"775",251.211301703725,-2.00868783199103,0.124259953691709,2.18633655920312e-59,1.00134214411503e-57
"882",150.659830811248,-3.71578338448042,0.229957156121648,2.96329178856877e-59,1.35314839023841e-57
"10954",218.838082710208,-2.75582871770611,0.170890501770907,3.36558071274152e-59,1.53228797850425e-57
"4485",203.062440494319,-2.71817172381654,0.168924107367224,5.58048717590572e-59,2.53317795088525e-57
"8267",208.206815560907,-2.77907572274193,0.173685620493739,2.17260096481921e-58,9.77543008892115e-57
"15234",273.103785246538,-6.80332830162776,0.421478445812614,2.69275903622343e-58,1.20804099101684e-56
"12635",221.822187778711,-2.40348085151288,0.150474513694686,4.76342994005891e-58,2.11841465421229e-56
"4556",218.333057630503,-2.44545232119877,0.153457123315474,7.80315675454038e-58,3.46022641863911e-56
"1356",184.338153861007,-2.72880012727902,0.171862407162937,1.81328535205125e-57,8.01764759553959e-56
"5164",257.467587287167,-2.28812030602453,0.143846681022938,2.05148895067471e-57,9.04482614086265e-56
"5563",145.165472998237,-3.86489172655914,0.243431610534497,2.82681974491263e-57,1.242747717656e-55
"1897",234.541180094973,-2.69138837050114,0.170051962544623,3.91099468124704e-57,1.71446832555353e-55
"2344",201.85290060075,-3.17548628224233,0.201017855168392,5.26262211154238e-57,2.29387531413053e-55
"11713",278.229404517352,-2.13764841244598,0.135583044054037,1.25177815479615e-56,5.44080233117203e-55
"9183",314.728099424241,-2.01818199223184,0.128015434437248,2.16175784673483e-56,9.36944933402612e-55
"6586",156.880890252675,-3.14679657589574,0.201003946697208,6.48269664198731e-56,2.80180322754961e-54
"319",274.885420932347,-2.07919540824406,0.13280454838215,7.41193781559475e-56,3.19442027822107e-54
"2025",153.864407640544,-3.09093515020377,0.197766522356343,1.05703610178366e-55,4.54288652931839e-54
"157",233.947132924236,-5.9970826599784,0.381916627271117,3.20136120061971e-55,1.37202471790805e-53
"12469",126.928649554444,-4.15298450686604,0.267933132117762,7.28953003304637e-55,3.09815122706456e-53
"6304",213.210740761867,-2.36776862468016,0.153230837283675,1.60476236006377e-54,6.74571750423517e-53
"6558",112.721652079256,-4.08428761789752,0.264851500679813,4.13657142967582e-54,1.72935736908763e-52
"3999",321.436699935542,-1.91087302258369,0.124089071642507,4.4433977168729e-54,1.85258291222774e-52
"6441",617.793567313067,-1.1235028736087,0.0727594588031043,4.5253044063761e-54,1.88161911943167e-52
"4796",197.205500783769,-2.57219926746198,0.167483311852453,7.10587947476543e-54,2.94663537246827e-52
"1994",423.706263247129,-1.41230486831845,0.0918795477852342,9.36229072766423e-54,3.86144157619764e-52
"5549",132.988585487116,-4.50990264259533,0.293271173564669,1.08693507043703e-53,4.47100396399877e-52
"3944",368.562150124455,-1.48177760778932,0.096472308706362,1.39283045974997e-53,5.71395661602774e-52
"12224",327.630729195665,-2.16802475808226,0.142127886434695,3.21537222615207e-53,1.3155588284227e-51
"4802",194.493543254606,-2.31173503319117,0.152698589935421,2.05354801464072e-52,8.29147031279806e-51
"12615",203.401273947096,-2.64929774254484,0.175747612973106,4.18644408811852e-52,1.68589531874022e-50
"1390",189.456656808211,-3.4913707719834,0.231490010002954,5.04117993316158e-52,2.02478596111252e-50
"12035",202.715856716013,-2.50094455526607,0.1671301198184,2.41875842343512e-51,9.63922350409482e-50
"2625",362.424279906935,-1.60588790526745,0.107503601617494,7.92160457820363e-51,3.14059894168936e-49
"8112",772.225997134977,-2.13953201672642,0.143854895229023,8.72459320347391e-51,3.45003694641495e-49
"6763",246.163947782936,-7.70142509698282,0.511990943916726,2.70097829593259e-50,1.05987493592055e-48
"5105",179.482561923587,-2.57664308403433,0.174116030622377,2.88662702422895e-50,1.12695975655839e-48
"7553",220.334675962876,-1.86757429707413,0.125995547136569,3.09424615830582e-50,1.20494971591082e-48
"10317",128.484226336799,-3.51304515109693,0.237494052186786,3.75141669115194e-50,1.45716420993276e-48
"5087",181.700996724246,-2.36918242807281,0.160172586628774,3.76733478478121e-50,1.45965195966914e-48
"11827",312.759239298519,-1.74815126665389,0.118042183280957,4.92347909120057e-50,1.90279445078817e-48
"2782",151.807348697053,-2.62764777507013,0.178170276675043,7.39904394171453e-50,2.85235003009362e-48
"4466",126.423125759333,-3.56601261324056,0.242293918639018,1.39415249518914e-49,5.34762043342176e-48
"4888",160.403035892664,-2.59272545311409,0.176849663667362,2.33534647102026e-49,8.91323903106066e-48
"9047",150.682641327147,-2.82356052017143,0.192838066424665,3.53019846480417e-49,1.34401575795261e-47
"10742",218.682197091389,-2.58165809615263,0.177146165391902,7.4758995644019e-49,2.82519032060636e-47
"11117",448.879646624278,-1.33136911067668,0.0914049322327631,1.9484806562908e-48,7.32733791898768e-47
"4340",117.978147523403,-2.73563266480598,0.188914716347283,2.92995057705341e-48,1.09912546952886e-46
"11203",321.542147487992,-1.99323285811714,0.137213633286888,3.44072336462592e-48,1.28445300689673e-46
"1553",388.000510228742,-1.45635034430475,0.100326183373254,3.88277718514397e-48,1.44595753280738e-46
"6420",512.345213394568,-1.5115529007386,0.104489945967306,7.6729037535878e-48,2.82993659354081e-46
"8013",143.231802885961,-3.30899059730336,0.229446645566666,8.09370608034794e-48,2.97797919402346e-46
"9800",171.381808640923,-3.30947369488689,0.229762825882911,1.28779736277486e-47,4.72695572656811e-46
"2869",134.194748607862,-3.03577268195022,0.211139711206029,1.550765971722e-47,5.66509578669778e-46
"9320",168.744735849537,-2.47769921793271,0.172391003659614,1.60754986873638e-47,5.85858376152548e-46
"6186",288.603523843386,-2.28269631095083,0.158936163787187,1.83643156986228e-47,6.67686482853009e-46
"1357",237.31353967814,-2.05273675297428,0.143351485828959,3.84615320479482e-47,1.39178133540488e-45
"11520",150.902095828027,-2.77452068696467,0.193921846706289,4.60332177433764e-47,1.66185331726265e-45
"11664",279.216464088331,-7.24417295593368,0.502791627050745,1.23340327880827e-46,4.44227852271251e-45
"14246",144.563065011001,-5.9704718302377,0.416868201412241,2.48375422944232e-46,8.90379465942374e-45
"11383",203.218892624479,-2.27746675689319,0.160800935574206,3.5883513027002e-46,1.28335836916851e-44
"7272",221.687237083982,-1.91144123033653,0.134916168659376,4.06830798583821e-46,1.45162905643525e-44
"2503",147.761633736042,-2.49344437497434,0.17635362715795,4.82493124414729e-46,1.71760835450004e-44
"5968",128.263876966563,-2.89681561602415,0.204970209063836,5.85443398399445e-46,2.07447068398214e-44
"6537",166.094739197398,-2.41157698427154,0.170923365709103,7.33477738229636e-46,2.59302970913763e-44
"5453",236.204700391043,-1.96839209367029,0.139735560831039,1.06105060943808e-45,3.74245965531229e-44
"7833",157.628122967474,-2.5098882559127,0.178469555619746,1.42184349796744e-45,5.00351944709045e-44
"11878",153.005829452002,-3.56859866476759,0.254560042787589,2.53227319894481e-45,8.81012872821094e-44
"8425",154.784993945772,-2.4238897033444,0.173187782019194,3.63207514284314e-45,1.2579442193373e-43
"11360",1893.26367659156,-1.20374643671359,0.0858427647946721,5.20248854114476e-45,1.79778787582847e-43
"3582",135.340463836228,-2.76310510410966,0.19926079412313,2.19819767693115e-44,7.57908920385498e-43
"7984",185.489881795038,-2.339642661022,0.168805215168182,2.45807206588656e-44,8.45609858899047e-43
"5319",262.31143920015,-1.93191022296926,0.139488303440992,3.3461765354119e-44,1.14599077193805e-42
"3123",346.474751524669,-1.54134038602349,0.110967978072231,3.46790940373506e-44,1.18503639157031e-42
"182",181.53562320588,-2.38714288096015,0.172632413305198,3.91212666327752e-44,1.33386131988149e-42
"3169",285.789458118634,-1.94190271974011,0.140345442386911,3.96234692716785e-44,1.34798866748418e-42
"3228",289.270553013918,-1.66503774857635,0.120477053624298,6.31124163966825e-44,2.1328938431152e-42
"9325",117.055157218685,-3.49274963336865,0.253420157774636,8.7829495212729e-44,2.96168779131627e-42
"131",134.362460661816,-3.14780795083786,0.228840189198659,9.95571153320478e-44,3.34979127311318e-42
"4257",152.872030251271,-2.53427998540311,0.184394423576457,1.15347419246226e-43,3.87259399014188e-42
"12578",228.814912176166,-1.92772776906422,0.140080590789505,1.17773577022597e-43,3.94541483025702e-42
"10516",160.923362689753,-2.16453071600846,0.157987060999605,2.54492092793498e-43,8.47000472826604e-42
"5091",176.171900790026,-2.24107103077016,0.163959622976229,3.71785630861851e-43,1.2346984706306e-41
"5335",290.365419058804,-1.65541385399385,0.121169692076014,6.08261706891851e-43,2.01132745018139e-41
"1697",255.304053483783,-1.83251082320887,0.134393996592101,7.06894355905549e-43,2.33244733390513e-41
"2309",159.751666381265,-2.19925139775609,0.162278702684415,1.85385710443677e-42,6.07771999003705e-41
"5922",124.960979901226,-3.60355837888255,0.266077737597743,2.04368245039604e-42,6.68576115915276e-41
"13463",95.2393001587148,-3.7477649746246,0.277033088574803,2.9561749658946e-42,9.62336535206888e-41
"5310",114.770945146159,-3.69351365612117,0.273654644364271,3.87584497121082e-42,1.25723233389614e-40
"2350",106.888095694455,-4.68304300419339,0.345817079199305,4.73977046966755e-42,1.5342257028715e-40
"8869",105.879433419953,-4.23803493404674,0.313478377902408,4.99096985681528e-42,1.61213580027614e-40
"10153",133.375225701197,-2.74684753829275,0.204082503682859,6.33670102512486e-42,2.04252108883384e-40
"5971",180.542786570948,-2.22509016203503,0.16559022504897,8.1194545628574e-42,2.60620902422429e-40
"11046",165.794826690864,-2.40612713609773,0.179198375142956,9.12336229106196e-42,2.91624474232841e-40
"66",151.924085198622,-2.32940880100733,0.173411473021568,9.36163437735019e-42,2.9799907936034e-40
"9323",607.629573682201,-1.10496208506962,0.0819520469377091,1.05440936722424e-41,3.34252126473584e-40
"1483",149.397385762038,-2.64644172169717,0.197559253735086,1.26500068389717e-41,4.00183618413079e-40
"816",211.840150909655,-2.10413345427351,0.156925188261568,1.28358750809933e-41,4.05228048081647e-40
"4440",104.038278950315,-2.83763655088123,0.212374764099006,2.02299030051815e-41,6.30868702862803e-40
"1450",182.297075840418,-2.13908705616308,0.159864296988932,2.24039944193495e-41,6.97250479464665e-40
"6778",291.937836015826,-1.52439335145292,0.114000667469593,3.06847435892893e-41,9.49185525988843e-40
"11740",135.200110228489,-2.49621360541418,0.187367478223495,3.81126750602081e-41,1.17422243664412e-39
"4480",94.9699516933203,-3.56913332948571,0.268002190199936,4.64099043714847e-41,1.42413432554338e-39
"6348",676.258294891427,-1.17122335364508,0.0877170343449576,5.61459398809195e-41,1.71945540038513e-39
"12543",172.955696472459,-2.3845506060616,0.179636402556823,6.55106288367735e-41,1.99826953924973e-39
"429",118.883471616621,-3.888188178128,0.292537311431287,6.97999797148864e-41,2.12488311262996e-39
"6617",119.122640087168,-2.9027178282765,0.218706537865811,7.04261975604112e-41,2.13970128548394e-39
"1689",380.422948063628,-1.44608041606787,0.108734644275844,1.08829764367012e-40,3.29995074048036e-39
"7843",139.076243504355,-2.72148300573488,0.206548891561934,2.21631208676515e-40,6.69387329670032e-39
"3619",245.791218651412,-1.91997671043161,0.14555599981386,2.48815995901628e-40,7.48545848062487e-39
"2976",124.66988392744,-3.20808425904863,0.24397019625041,3.63339127930565e-40,1.09094172990972e-38
"8291",127.185253736329,-2.63094604730722,0.20007665771693,3.7110745668683e-40,1.11209017733321e-38
"2142",125.451898135159,-3.08540360636082,0.234871574780234,5.16406119372147e-40,1.54148231313752e-38
"12488",196.530983781558,-2.12585751433312,0.161868774493296,5.21684365214826e-40,1.55421421660021e-38
"10644",264.924484155778,-1.82095560170985,0.138931102730922,8.20240174218726e-40,2.43422533714466e-38
"1136",117.923425058851,-4.16121840186222,0.317823783476965,1.25715719825247e-39,3.71648610651014e-38
"2027",215.49031864309,-1.94401047170191,0.148921145027865,1.6367154836789e-39,4.81998573245401e-38
"8991",118.031195806574,-6.05315844725417,0.462440140327574,2.97976376319979e-39,8.74158994622836e-38
"1672",232.008869186259,-1.78672906992849,0.137429088687602,3.17151656857793e-39,9.28636998314717e-38
"4668",109.024237546205,-2.95642405764691,0.227661890471621,3.20069567354846e-39,9.35395689890553e-38
"10520",239.173582347135,-2.14559694246433,0.165580613059022,4.35114092414337e-39,1.26199537238434e-37
"11887",147.81022125292,-2.40734373586893,0.187043201356647,1.36829891106575e-38,3.93880116181647e-37
"10653",178.894435605566,-1.9792419583583,0.153886258829799,1.9054533165167e-38,5.47478843357974e-37
"11963",104.471631076,-3.06988242059357,0.239618415541719,3.29401634065981e-38,9.41156288915148e-37
"12259",85.0198120464142,-3.66081915923396,0.28608175411191,3.40602060199361e-38,9.71348960899405e-37
"11864",120.865704744038,-3.37655078039893,0.263585174673531,3.93322820221445e-38,1.117546672344e-36
"10974",288.758343819846,-2.07740728018777,0.162288457467447,3.9994271309713e-38,1.1342552767189e-36
"11999",107.679232758133,-6.42393824979657,0.495495780570293,4.80025866761058e-38,1.35386707237406e-36
"9676",122.85268829132,-3.22380926283758,0.252838308080159,6.14280822801521e-38,1.72617411433036e-36
"2525",146.657167320749,-2.18932355014319,0.17199243730436,9.79203353504553e-38,2.73659691308203e-36
"7497",100.921465063612,-3.91634377917668,0.307790218686139,1.21437949020244e-37,3.38767718512292e-36
"14034",225.536383001555,-7.0428738206335,0.548373142467653,1.43462873228852e-37,3.99482915417473e-36
"578",98.2631822979873,-3.21012798049873,0.253036457455657,1.70931983330462e-37,4.74251251399507e-36
"6962",131.152040396038,-2.3308316489756,0.184010838087282,2.0145982601143e-37,5.55934911959239e-36
"8065",159.574978052796,-2.00372320026223,0.158128613553137,2.23201567306862e-37,6.14826148507934e-36
"4839",94.5832052679013,-2.74224015449508,0.217177470677321,2.84450810017986e-37,7.82137773854115e-36
"6677",226.844118575758,-1.67828513995638,0.132510192417533,2.96340398900276e-37,8.13372225460991e-36
"6499",120.49928477688,-2.48413138235074,0.197088294116831,3.03070117511578e-37,8.30358002317884e-36
"6365",276.547258190457,-1.49897922699514,0.118578198154421,4.46894820172086e-37,1.22222945203214e-35
"984",213.153148420076,-1.84754253526209,0.146449092992038,5.07300003424048e-37,1.38496511610946e-35
"3697",159.978673892641,-2.10458691625606,0.167082800373927,5.38613748474535e-37,1.4652394934122e-35
"5548",287.083455629609,-1.59142101283248,0.126349820196929,7.35047758704496e-37,1.99607747996515e-35
"10836",289.134317468769,-1.58715386196751,0.125954348970661,7.55632822070758e-37,2.04835236555329e-35
"8665",105.681175852448,-3.16113413199127,0.251898123716304,8.09835665400638e-37,2.18755433349331e-35
"10522",143.196038985943,-3.04470936382613,0.243680764092086,1.33680251239659e-36,3.60466800486835e-35
"10953",118.194314493025,-2.89318302272483,0.231402176780856,1.76266905484128e-36,4.74467215937365e-35
"1814",135.081678701582,-2.3420204365766,0.187870492943682,2.48704673427164e-36,6.64786725504002e-35
"9751",124.739947101838,-2.4898694833942,0.199712811355224,2.68508455287235e-36,7.15230074561119e-35
"150",162.440234640171,-2.00293329133644,0.160585280842381,2.75168240018961e-36,7.31699533208131e-35
"343",88.6990386322898,-3.82784848191565,0.307154289615031,3.6437894715092e-36,9.67243284798715e-35
"8777",135.130613757566,-2.19891354417098,0.176844591035372,3.98246477387715e-36,1.05531877418993e-34
"1826",121.187424910429,-2.46533991369844,0.198397806000204,4.11908936004505e-36,1.08964117329606e-34
"12182",137.06348833022,-2.2825233781365,0.183990753148514,5.80940061097208e-36,1.52626084887234e-34
"9976",529.00163270665,-1.49872866970651,0.120638269877766,6.72506787500836e-36,1.76380711805561e-34
"5996",100.20582751203,-3.069230549928,0.248368423426164,8.13699924275871e-36,2.13047746385063e-34
"3477",357.53322710237,-1.38820300535839,0.111808585094925,1.01065927336735e-35,2.64166017568574e-34
"15367",102.53532562079,-2.89824014421904,0.234714478862404,1.02758354162431e-35,2.6809981157046e-34
"14458",118.216858959198,-3.54498671953913,0.287280975458752,1.13765746479128e-35,2.95848787835468e-34
"7963",167.730369552211,-2.04188303890751,0.165316954162311,1.22224999980455e-35,3.17309335820664e-34
"9401",94.0374275334452,-3.81382513864123,0.30861093503931,1.42612521488429e-35,3.67748557512094e-34
"11692",193.472958199147,-2.08079041703341,0.168831092478158,1.58838758477419e-35,4.08903199885746e-34
"110",132.635128619225,-2.53370889410369,0.205860771141113,1.76807089540077e-35,4.54397181710787e-34
"10239",123.866474860387,-2.34780677351667,0.191850316292137,4.11096016202611e-35,1.05299602280412e-33
"4717",100.008936536303,-2.7241317966156,0.222575649215042,4.17666312433088e-35,1.06804237194348e-33
"3806",175.61180016408,-2.03857137152618,0.166792873731886,6.19556313443627e-35,1.58167263180791e-33
"8812",159.204405058628,-2.03595891561442,0.16671747395157,7.04898592638621e-35,1.79357530793605e-33
"10960",157.959068272078,-1.98365750985842,0.162666590911329,7.83130713170295e-35,1.98604537721849e-33
"4020",101.181489177876,-3.69426022485849,0.302623842602632,9.67129785400295e-35,2.44459181176223e-33
"11543",252.876499183398,-1.53980596534082,0.126247020962767,1.02857408442251e-34,2.5956270028445e-33
"8917",111.756526435709,-2.66999462843405,0.219757158019725,1.17596637353964e-34,2.95784460151126e-33
"2948",114.92756543225,-2.79279766457784,0.22981301343717,1.26507643855028e-34,3.17157970533937e-33
"3874",148.80999050299,-2.19931960022202,0.181078801023583,1.50228395720625e-34,3.76012116727822e-33
"6413",213.898222265194,-1.68764241739677,0.138982427025558,1.96961688914781e-34,4.9217967313021e-33
"9916",97.761723549319,-2.92544837539186,0.241616247030032,2.20012369257876e-34,5.47995094403182e-33
"7383",100.736063384798,-2.8841139543138,0.238444566172653,2.44316789519099e-34,6.07544975946764e-33
"340",168.339932292656,-1.85138185611482,0.152742990298654,2.52243093214776e-34,6.26240417345356e-33
"9319",93.5466370249707,-4.47554312342851,0.369546050813847,3.48432862388579e-34,8.60870436010946e-33
"10052",143.193238303956,-2.64737309105939,0.219617491999522,3.64161387132758e-34,8.96842401730001e-33
"5055",433.207032057594,-1.0482067776944,0.0864039712447648,4.05301701858082e-34,9.96561540321884e-33
"1481",85.1373609564924,-2.79553048449444,0.233611130669644,1.08390465454258e-33,2.6481447634788e-32
"6286",105.492287428436,-3.03456705252222,0.253448238580275,1.13245817636895e-33,2.76236976153082e-32
"4806",92.4565819438828,-3.27620345675538,0.273892852856339,1.19312631827618e-33,2.90573604782722e-32
"3711",111.073481157021,-2.68357263883654,0.224404279916745,1.32437439138129e-33,3.22026565562014e-32
"2971",101.147563530228,-3.13399706883506,0.262429334685503,1.37329116140113e-33,3.33392504578759e-32
"11913",94.3748844895272,-4.6895780270823,0.389912127978617,1.59779995512827e-33,3.86672629519448e-32
"8337",391.119261657678,-1.28141304532582,0.107012141516621,2.07325592443131e-33,5.00156692587257e-32
"14141",82.1454042654066,-4.61557321633688,0.385592069368731,2.59226976453404e-33,6.24382966989729e-32
"1304",106.49890794038,-5.39311402357354,0.449778163316935,2.9673410871031e-33,7.13603672404748e-32
"2208",177.108074559495,-2.17160897897381,0.183501085486196,6.0941150612764e-33,1.46096886539318e-31
"3643",119.180417205801,-2.42536607828896,0.20501128606663,6.21514673695328e-33,1.48765985000116e-31
"9531",85.6930909264828,-3.37729341271914,0.286126095229093,9.34817847885853e-33,2.23062367653385e-31
"1394",190.728499511663,-1.80224069850609,0.152880168003634,1.24139938950507e-32,2.94841963361862e-31
"9657",86.8529101885333,-5.94914288585883,0.499021102985059,1.4130129424297e-32,3.34565703328685e-31
"3895",137.704491945225,-2.86799044524677,0.244077666371725,1.45993396490694e-32,3.45142786187476e-31
"11285",149.284978332471,-1.94901500197545,0.165595147771475,1.52494215058573e-32,3.59956729483645e-31
"1866",250.021232181736,-1.4003720270143,0.119084362173839,2.50870493607325e-32,5.90353678438219e-31
"13875",725.631368506046,-2.17356487299233,0.186166143498624,3.08030622692134e-32,7.23754034297919e-31
"4948",81.5344047661116,-5.20206988476317,0.441135596361854,3.76489897107169e-32,8.83254509375427e-31
"9303",90.7412563866158,-3.06827719100542,0.263072339656876,4.16327581411025e-32,9.75223523906772e-31
"4988",89.0758390747104,-3.17932053434285,0.272690789753232,4.94250935011566e-32,1.15598964876257e-30
"7072",105.378048134754,-2.79929449907082,0.240621793158386,5.57197252522661e-32,1.30122944375269e-30
"12231",252.068612557345,-1.39149125901472,0.119084681278141,5.72263234331921e-32,1.33438218911165e-30
"485",153.293746986118,-2.02491920290318,0.173983308684104,6.28414348772771e-32,1.46308973493485e-30
"11280",409.584642460129,-1.2435933058308,0.106405365304679,6.68346223003577e-32,1.55370243932483e-30
"3465",543.293783816218,-1.18655558771508,0.101556240042642,8.07939771053403e-32,1.87254077149129e-30
"3737",76.3205698141308,-3.80070080028673,0.327065072937106,9.97117494747917e-32,2.30056747698004e-30
"11708",129.601362130127,-2.04696028905243,0.17640699049054,1.03164938950175e-31,2.37666615362241e-30
"8045",103.394543440523,-3.37968715098716,0.291716074305638,1.21046652176064e-31,2.78443595852677e-30
"4503",135.621091090539,-2.42739922799111,0.209767581087855,1.23350508270551e-31,2.83318390478304e-30
"4783",106.418813381147,-2.75237699810732,0.237983204973779,1.37259549604656e-31,3.14794210700186e-30
"1235",135.6651045393,-1.99119432379499,0.17206083589604,1.48928923190158e-31,3.41047234105461e-30
"1610",168.367030664989,-1.86428148130847,0.161060208070781,1.55633380304982e-31,3.55869292700349e-30
"6303",107.882057708997,-2.48224343967846,0.215094755925211,1.70014470066289e-31,3.8817440687903e-30
"4555",180.042179332379,-1.88871329519442,0.163280577794422,1.70494529726148e-31,3.88692060860072e-30
"4808",99.7016298359097,-5.02568976718671,0.432021425451458,1.75538418823751e-31,3.99597323444037e-30
"1188",132.24296515326,-2.20555638661528,0.19107412008984,1.85509055619897e-31,4.2166895412979e-30
"6729",103.739078459157,-2.89398107922113,0.250988465093399,2.01001591005013e-31,4.56208196862412e-30
"8237",94.3134516755404,-5.63086774531597,0.482780783146869,2.05876730430478e-31,4.65894789822246e-30
"11365",210.317476549264,-2.64455819118988,0.230035618821086,2.51817830082075e-31,5.69019288210498e-30
"3251",85.6378842592132,-2.48375516874616,0.216005986275379,2.74662631601586e-31,6.18817732255967e-30
"4867",115.408067409693,-2.31839043301437,0.201521655357495,2.77822010564442e-31,6.25018051039623e-30
"13650",119.648020687781,-2.25979490008509,0.19630633792602,2.82810956528288e-31,6.3531017657592e-30
"8555",104.503873637851,-2.934313278264,0.25580486507573,4.32760346521757e-31,9.65093313471412e-30
"11388",248.16411113607,-1.35269889295346,0.117511946956776,5.62138835277047e-31,1.25179915089343e-29
"3499",66.0071475667047,-4.15696424878783,0.363780590616196,6.36292269842793e-31,1.41078501390144e-29
"11131",257.940053121329,-2.01914637317105,0.176812746884805,7.88847535418202e-31,1.74398958730857e-29
"11703",1240.63411345148,-15.1432722055028,3.48762873348561,9.10129678753006e-31,2.0063390317683e-29
"8810",129.229220646712,-2.04391849999049,0.179988210473689,1.77509853771195e-30,3.8963285928633e-29
"4869",182.629912562526,-1.77589749620486,0.156262879249006,1.785875631587e-30,3.91438425934847e-29
"5646",85.2090260063259,-3.03084680068334,0.26749879590601,2.06920682422413e-30,4.52248437379927e-29
"13822",70.4415120596608,-4.55406958460246,0.39983493252718,2.21261353174263e-30,4.82903690149747e-29
"10399",123.289123383718,-2.18483927183733,0.193221795413967,2.92081976080437e-30,6.32968045056801e-29
"69",84.6868742170061,-2.76023800462269,0.24447607818922,3.06483771774106e-30,6.63241256746136e-29
"3352",79.4118144869241,-3.60084337679506,0.318117452841719,3.33383940922318e-30,7.20438000784665e-29
"3165",149.932316409872,-1.7203589139582,0.152106891987457,3.57394583518706e-30,7.71238409975739e-29
"14118",69.93038052872,-3.83505364724369,0.339958463856773,4.67483897767553e-30,1.00316160048218e-28
"3146",93.9727216853319,-5.2704596683079,0.463782135015032,5.30290382457696e-30,1.13634711425257e-28
"5914",118.316508989812,-2.80641046154826,0.250048623903032,6.67856646701875e-30,1.42913870716135e-28
"15777",155.944936982779,-6.73898402732151,0.593484696840581,6.91320801343058e-30,1.47523436091885e-28
"2714",163.342997157135,-1.91798782047951,0.170690456753006,7.77063119124944e-30,1.65589992176861e-28
"2596",76.0913490797183,-4.00176733725648,0.355753513815427,8.72214541618841e-30,1.85608706131177e-28
"5669",85.0875952730535,-4.99391794371075,0.44143377516205,9.06765807182363e-30,1.92694013567853e-28
"3268",249.345773184174,-1.32415516482572,0.117756049521318,1.01457174392383e-29,2.15007931864962e-28
"13202",189.534350341834,-1.90642313661459,0.170171536684277,1.10451690966319e-29,2.33103204194804e-28
"7743",221.697528446058,-1.68251228824044,0.150358706453232,1.34318148976607e-29,2.83082879086274e-28
"3600",109.992027349714,-2.26409250187576,0.202883678368085,1.44138396702838e-29,3.03362883485823e-28
"8136",98.2056489458598,-2.38529693611834,0.214073182944454,1.7633722248093e-29,3.70115185297526e-28
"1680",160.129515119591,-1.92635375808765,0.172536532362326,1.79879179966003e-29,3.77033641833113e-28
"13586",95.2616850093123,-3.14031940220622,0.282159241600516,2.01192674582363e-29,4.21132224572606e-28
"11076",129.501677253146,-1.91353666746399,0.171713001998976,2.06754102751421e-29,4.32183678271806e-28
"5375",198.664849048335,-1.69135296216632,0.151689565460668,2.15806520704583e-29,4.50492441791893e-28
"12183",69.6448084767017,-4.45503256955299,0.4005709500684,3.06996218391332e-29,6.34803635953936e-28
"6387",71.3409435871454,-3.64740588974237,0.328461516382451,3.2860430759148e-29,6.78570106510911e-28
"2424",76.8767155136503,-3.230401630472,0.291967530196584,3.91604532999165e-29,8.06495080510897e-28
"10448",81.4834767494231,-5.44659526069901,0.488408933681956,4.00216033974386e-29,8.23125282743834e-28
"12596",93.0503722730755,-2.70396412463737,0.244743416313778,5.4034222401907e-29,1.10687192832104e-27
"7452",101.171889830182,-2.44211532298783,0.221804443686549,7.92347695894946e-29,1.61233298383503e-27
"11202",189.091903121073,-1.55454290602729,0.140693921370866,8.10103727691755e-29,1.64628099257942e-27
"2487",90.8896509970145,-2.86727300885246,0.2611000196187,9.3381767919557e-29,1.89518050951027e-27
"1616",221.59065413977,-7.9668062876334,0.703798530338831,1.05320797197992e-28,2.13465916962852e-27
"7080",96.2873286083915,-2.82781427952043,0.258166484753462,1.48089250465568e-28,2.99753742729974e-27
"3072",127.660922020057,-1.91097894152367,0.174350384152736,1.52021818247983e-28,3.07308400181661e-27
"3258",86.2895149436479,-2.84138305090662,0.260073204899164,1.65942796863624e-28,3.34128652529998e-27
"3130",72.1767507097965,-4.67103999967114,0.424574243586623,1.88269740862078e-28,3.78091967807181e-27
"6905",111.961709260909,-2.17582727326178,0.199058416061967,1.96298405783257e-28,3.93700188226473e-27
"6048",97.6919945459657,-2.75115619637548,0.252336870584852,2.10944355150328e-28,4.21421776181183e-27
"8198",81.5684048950669,-2.87146817868096,0.263392394034344,2.5558535003368e-28,5.07355200242999e-27
"12010",178.870892779236,-1.69686604995145,0.155247902102649,2.55612050959942e-28,5.07355200242999e-27
"10554",175.407569755298,-1.68423926906992,0.154073940357618,3.04150259539985e-28,6.02916980894313e-27
"11470",164.222573622407,-2.0379748798145,0.187229884733138,3.19556301464039e-28,6.32639010756484e-27
"6705",85.0753781152652,-2.43825139438479,0.2243660141494,3.53457531858549e-28,6.9885295248785e-27
"3376",159.015656083209,-1.77949450123613,0.163448305711837,3.97451579538214e-28,7.80806604975008e-27
"5129",88.2469834780314,-2.66817966784878,0.245737968309584,4.18598013543155e-28,8.20248955529071e-27
"4844",142.17618232286,-1.85894508397887,0.170904096297113,4.3430904369341e-28,8.49949446095406e-27
"9152",79.3293329875502,-2.70396428700483,0.249447211542779,4.89777235649892e-28,9.57280525678509e-27
"6401",91.337909088428,-2.47369309846982,0.228442824098993,5.35890457107655e-28,1.04607726251943e-26
"1796",118.494235663461,-2.12824042622256,0.196748674900507,7.17691647804002e-28,1.39563282031138e-26
"9979",79.2040603923019,-2.84613716874245,0.263345070094439,7.20407013970084e-28,1.39913985004342e-26
"8502",319.76277919151,-1.08600021907126,0.0997507100490546,7.56351753514555e-28,1.46709291456053e-26
"580",177.946643896979,-1.60556071424104,0.148552168054083,1.07006227989645e-27,2.06775384892333e-26
"12066",259.64815160622,-1.37759363593924,0.1273335434419,1.13786582932264e-27,2.19325068081625e-26
"5849",119.985790997515,-1.94096283960991,0.179873741149048,1.17159426559718e-27,2.25542921167597e-26
"5044",151.782828444465,-1.78102022365356,0.165425367726525,1.50358523828553e-27,2.88729766095305e-26
"1480",224.01301911652,-1.39326845609088,0.12948346602148,2.10416457802562e-27,4.02546098761186e-26
"12011",86.8387244262078,-2.72501370664879,0.254589149397994,2.30562999749951e-27,4.40538991925716e-26
"2544",92.6527640775869,-2.28389060987537,0.213492175353146,2.43223628276273e-27,4.64151757293887e-26
"3889",269.480667069075,-1.31655485775314,0.122502069194941,2.59529535012627e-27,4.9465362182593e-26
"15634",131.2033359566,-1.97717730449179,0.184933062893551,2.85767138865444e-27,5.43311674301426e-26
"11554",97.5447341626268,-2.28608359643864,0.213999585170458,2.90126320377828e-27,5.50235863233253e-26
"5261",91.4945502589435,-2.47432311513889,0.232056524366217,3.53981308391446e-27,6.70510520327156e-26
"1617",132.933490704878,-1.91106593821643,0.178760203515185,3.61971581890995e-27,6.84800244260608e-26
"11662",85.0499900360675,-2.53918465651471,0.238383935172497,3.71475761812353e-27,7.01915346488539e-26
"2889",195.952849510582,-1.54419187360371,0.144412656744523,3.87705461982337e-27,7.31680799900983e-26
"2204",111.55145088216,-2.00019984719172,0.188365850689573,6.56042067590815e-27,1.22901751441342e-25
"8610",112.63868618747,-2.11120198967166,0.198954046716932,6.63336251573742e-27,1.24116684242633e-25
"3964",228.500518394018,-1.36164275930806,0.127760201416642,6.75597268836335e-27,1.26256868401411e-25
"7629",87.5209433183121,-2.46263628737107,0.232904442938324,9.10934404693512e-27,1.69617312757434e-25
"13472",112.62081648462,-3.44066874883934,0.326782294879532,1.03578516866005e-26,1.92397722067205e-25
"7183",107.318058603878,-2.26371463387565,0.214313726553026,1.04214166312128e-26,1.93344371671945e-25
"4077",84.7692487952514,-2.43420966454305,0.231172156417125,1.34011037578324e-26,2.48025494519206e-25
"1635",87.9226409346636,-2.65061666748636,0.251524353039386,1.41656312696742e-26,2.61544260614455e-25
"9403",243.522997861434,-1.3834735054337,0.130910704124559,1.74114589687647e-26,3.21086556439612e-25
"15840",104.893302504008,-6.95235663915556,0.64633327166262,2.12428969665945e-26,3.91272230682425e-25
"1059",154.205350833965,-1.64395617247259,0.15632439052115,2.37415825181516e-26,4.36248024641916e-25
"9413",325.373711838855,-1.19140788302282,0.112802028151607,2.4895507882298e-26,4.56904039997724e-25
"8845",152.82603984981,-1.70752174749691,0.162583747613354,2.57471481778615e-26,4.71969527470645e-25
"4997",72.0594455249459,-3.38185755424124,0.323216446594703,3.13720765709266e-26,5.74393521274138e-25
"6994",239.079834020592,-1.45726345524288,0.138786787192977,3.21334987925578e-26,5.87633220469863e-25
"10169",82.8697894923186,-2.71849360260324,0.260583810859746,3.50918031331808e-26,6.40968494609991e-25
"9772",53.0810396602522,-3.8663707988317,0.370714846334761,4.20391284114168e-26,7.6633687312071e-25
"2963",94.3790602280524,-2.33510261429725,0.224573408979663,6.14678327479193e-26,1.11083740618531e-24
"9921",53.5017894753409,-3.24203363843071,0.312189993897031,6.1627581726941e-26,1.11241410168995e-24
"12076",106.280006764014,-3.07179786044705,0.295699609778178,8.12432606162674e-26,1.45961984500631e-24
"6714",65.3760712416302,-5.34731678855823,0.509461306046844,8.15936518842801e-26,1.4642004688427e-24
"12753",99.2917494531179,-5.30908248895735,0.506081884044859,9.08902858334974e-26,1.62722246854533e-24
"238",130.437752705598,-1.77027469111213,0.170663184077688,9.69621744173922e-26,1.73188666133417e-24
"4248",93.4284750403076,-2.18504270698918,0.211249437606429,1.01125565329389e-25,1.8041506381963e-24
"10419",100.672248928805,-5.856947041136,0.556057832202204,1.05163237460594e-25,1.87400644873159e-24
"9612",128.84051895434,-2.27660986458955,0.220189035431798,1.12034357747927e-25,1.99413358576153e-24
"3390",62.9271284574444,-3.55049119710224,0.343063007508431,1.21243780265518e-25,2.15555425331848e-24
"423",100.424655671755,-2.34906145543595,0.227857082431271,1.40830268062366e-25,2.50087824407509e-24
"10164",101.989938040981,-2.27955342027468,0.221100784107316,1.49694164467164e-25,2.65521105828867e-24
"832",102.681555949524,-2.02903729003322,0.196605324433463,1.69198243784222e-25,2.99424296929795e-24
"5199",123.440472013573,-1.99221332291917,0.19351548375143,1.73170577605126e-25,3.06100941497171e-24
"3566",218.834692363828,-1.55416439414721,0.1502667286545,1.76381653045843e-25,3.11418147604416e-24
"5467",140.857485978173,-1.6661232334686,0.161442596352827,1.80257252498498e-25,3.17895060354535e-24
"1654",90.8779947969405,-2.30600749979459,0.224142046399301,1.83933978525672e-25,3.24006777556761e-24
"10055",119.444507743186,-2.05051782949447,0.199289748208903,1.84974216623579e-25,3.2546552817151e-24
"2195",98.5560171644283,-2.59060110152479,0.25233088561655,2.18089377636053e-25,3.8213698725184e-24
"5417",92.965161587057,-2.43543592358507,0.237413813266209,2.40508946247083e-25,4.20767247693158e-24
"8362",101.583519433398,-2.1815163864262,0.212641436424907,2.65330521719483e-25,4.63136085863712e-24
"2599",67.7086308523822,-4.55601828325723,0.44276875761211,2.95589929418127e-25,5.14782779462238e-24
"3821",71.3674467194436,-2.90389582687194,0.283750957707917,2.97949841553553e-25,5.18304355890722e-24
"3766",134.431184622305,-1.65848476884954,0.161395480060211,3.00498333502871e-25,5.22145632042419e-24
"8269",67.7067876967354,-2.89120113617557,0.282539567154889,3.29739077194523e-25,5.71659509762211e-24
"9732",101.461133593344,-2.13875020642019,0.208931311470731,3.32662711067117e-25,5.76077198183158e-24
"9028",281.488276085829,-1.19201245789876,0.115897355305078,3.63841861924202e-25,6.28651541385476e-24
"7812",81.969149536756,-4.12673819730542,0.402033490961032,4.01669287851586e-25,6.93229683184126e-24
"6349",67.5861144791114,-2.88838669812921,0.283446018552921,4.46058097996435e-25,7.68974089613404e-24
"648",102.565561337654,-2.24355070340345,0.220034802492746,4.52369737785237e-25,7.78106377448306e-24
"6781",62.4751474812197,-3.69345966866964,0.361486805792801,4.63477749436043e-25,7.9632016904784e-24
"6452",162.352719174981,-7.44622365447503,0.707472123284952,4.65787086583611e-25,7.99392759446572e-24
"3400",54.3400956221782,-5.46981849649346,0.531240205279094,4.72057020624523e-25,8.09248141613637e-24
"6930",122.16426928727,-2.04919867877062,0.200788894455133,5.0017933184597e-25,8.5650128220008e-24
"232",161.249830130619,-1.57694069521818,0.154206834444452,5.24247551574665e-25,8.96714624727992e-24
"2081",484.286299203661,-13.6308176060904,3.33363903343569,5.33837700913106e-25,9.12101541771691e-24
"5768",101.314242962093,-2.63060132147233,0.258926871258534,6.74814832741273e-25,1.15168898540037e-23
"4724",70.3505345769493,-2.5333575111464,0.24977000373582,7.72580483303128e-25,1.31707803947999e-23
"8490",117.403975573479,-6.72102809453095,0.646819856141669,8.96727841121202e-25,1.52364288663595e-23
"3971",97.0578416111111,-2.16221009591121,0.213283807905228,9.04160227605006e-25,1.53287628421476e-23
"12203",213.338333696104,-1.22387138112358,0.119987760243575,9.03759354731229e-25,1.53287628421476e-23
"3389",75.3931630204932,-3.85328119715828,0.379111914728679,9.37734148633642e-25,1.58804139541788e-23
"15144",446.053731123172,-1.15947487997819,0.11368809808165,1.01558233952151e-24,1.71798013619389e-23
"9309",73.5979087544567,-4.76837079666334,0.466650012735975,1.08790765390393e-24,1.83627801252452e-23
"9141",102.603407332129,-2.07972113668425,0.205927960851322,1.39238921982768e-24,2.34762942855122e-23
"3921",113.236649820747,-2.02845935092212,0.200825743839728,1.39854060561137e-24,2.35541256991167e-23
"9896",202.909327567199,-1.41056350870765,0.139103626326226,1.45940607286414e-24,2.44985419868211e-23
"5180",103.390829091269,-2.29942188131752,0.228965052881492,2.15232538154424e-24,3.60121355823699e-23
"791",72.7159522593404,-2.57130889468507,0.256092092541651,2.22649052515177e-24,3.72124663697207e-23
"4228",85.8423979830956,-2.83223786771337,0.281851698201747,2.33424219268316e-24,3.89709227011292e-23
"11982",60.8724325178522,-4.2626506686688,0.421990164782148,2.56807522904158e-24,4.28282372165054e-23
"6756",232.014145668829,-1.42564796844254,0.141533572193722,2.74860521416232e-24,4.57891963093295e-23
"723",89.417539474941,-2.21730659671632,0.221252892243788,2.78973308172506e-24,4.64239421615049e-23
"4397",154.200394951979,-8.45185979833052,0.813474013454435,3.04994662787261e-24,5.06442977396639e-23
"11211",183.783209645832,-1.47308095199332,0.146312389591474,3.10716509557725e-24,5.15386314177749e-23
"10904",180.384183351371,-7.46915730431332,0.725983328131854,3.47352036905364e-24,5.75531566116523e-23
"5559",96.3882264141973,-2.15188392734957,0.21598396706215,5.16897195330367e-24,8.54607076288127e-23
"2562",65.5337887230269,-3.45523687764844,0.346743431847629,5.35332206581452e-24,8.84133697048355e-23
"11264",75.9381395302873,-2.48370312418836,0.249670491309112,5.7361521464803e-24,9.46341746058573e-23
"2518",91.2948954092346,-2.72571395048556,0.274459009008588,6.40681611338565e-24,1.05585155346591e-22
"13552",103.782739621878,-2.19954646227327,0.221160064413863,6.54434036056379e-24,1.0773585209456e-22
"5690",60.088819690992,-3.19475503256794,0.321709943888189,6.88948834588981e-24,1.1329626976526e-22
"7284",140.222587700022,-2.05172163625983,0.206540299834109,6.91395373710011e-24,1.13576865297995e-22
"3953",84.3509012987657,-2.45646923902927,0.247307293159791,7.32044568071227e-24,1.19997433845265e-22
"9074",256.148242705317,-8.33446782516186,0.808574546762441,8.02750260206175e-24,1.31167169780014e-22
"2382",108.379601334562,-2.2060154784214,0.222951191631408,1.04400905592545e-23,1.70225621095263e-22
"10876",56.9965471986168,-4.04388433456691,0.406849078690952,1.06107318746572e-23,1.7282426661663e-22
"8281",116.091892740825,-1.83268498391387,0.185142551232797,1.12487159072349e-23,1.8302125998378e-22
"1512",96.435530351686,-2.18232639849603,0.220779211053156,1.21663435552378e-23,1.97532496474088e-22
"3486",204.834653448886,-8.26169627226532,0.80481936567434,1.34554023008162e-23,2.18000250793478e-22
"11916",127.259380879334,-1.77581432603823,0.179449629118365,1.35367792780487e-23,2.19087346480064e-22
"1337",266.178138439283,-1.15949788641829,0.116762581543385,1.5589305616901e-23,2.52040796712447e-22
"3290",84.8003696166486,-2.15277475938405,0.218498195178811,1.6260457806515e-23,2.62614951710904e-22
"11958",171.354740501777,-1.49024524201599,0.15078116312274,1.7943629670409e-23,2.89494332316599e-22
"15034",1204.21077770211,-6.24375659852354,0.645725431182579,1.89204841036782e-23,3.04613837988178e-22
"3710",108.169830241416,-1.97151650642498,0.200338916254478,1.90473405498929e-23,3.06334744294557e-22
"1496",84.2211875761183,-2.39255666182605,0.243326565367988,1.93432284971605e-23,3.10767701394695e-22
"894",109.077540221868,-2.01629475358058,0.205538361325748,2.19090382579906e-23,3.50887655524373e-22
"4887",377.4419781509,-1.08538193731595,0.109677337096168,2.53424782026429e-23,4.04609410055307e-22
"14469",69.8041615698024,-4.66749050702814,0.471986695239686,2.77234592290457e-23,4.42163237995061e-22
"2326",197.79398335505,-1.33360752101621,0.135484274989236,3.15649888861654e-23,5.01866968373508e-22
"1051",75.1215082932968,-2.51142551709329,0.257440597197997,3.65881531884682e-23,5.79929787573004e-22
"4708",122.0972638607,-1.70132502598018,0.174372300418981,5.22029748035121e-23,8.24871516385465e-22
"1081",100.6196274236,-2.33830437945237,0.240649956948694,5.36884555203771e-23,8.45730978489882e-22
"3869",145.770655710298,-1.54145067555858,0.157988109275473,6.12737329470387e-23,9.64228599596323e-22
"212",130.829323933759,-1.76717957821873,0.181755847039894,6.80195167495663e-23,1.06928631709897e-21
"2866",151.780641144152,-1.9040813150355,0.196142121006725,7.23573039625879e-23,1.13399194555463e-21
"577",67.5989377712783,-2.63495756700157,0.271483539226397,7.24765157376737e-23,1.13470120506442e-21
"11024",45.141687594468,-4.14305672771149,0.428522547556119,7.86540008308665e-23,1.23016140137409e-21
"14970",96.2120981751126,-3.55818392365676,0.366443149839995,8.84685703820043e-23,1.37944438553973e-21
"15061",335.854395660073,-12.9509430788568,3.24395141384184,1.06245151243729e-22,1.65326506646301e-21
"1960",78.0032422798429,-2.5911075584406,0.26831814750867,1.14913520103196e-22,1.78634056630531e-21
"574",166.849822843838,-1.45792877544191,0.150372512452247,1.19183640744897e-22,1.84897330631847e-21
"1179",103.80300973403,-2.15857192503365,0.223858487046491,1.24411804518703e-22,1.92618599064628e-21
"2780",49.9982460395233,-3.54884703533108,0.368257610500929,1.51547707478644e-22,2.34394806032745e-21
"8084",61.9569872397149,-3.00335395693227,0.312407536800084,1.54974515286581e-22,2.39453573820948e-21
"4222",300.788481928115,-1.41593464796031,0.146717006654212,1.80444099259359e-22,2.77967250495618e-21
"5340",88.0550697425935,-2.51318752211328,0.261666075249389,1.85714162002567e-22,2.85798634664532e-21
"2788",90.2837439151968,-7.14264286023744,0.722769831078415,1.94562756494804e-22,2.99115869028034e-21
"312",174.210933271655,-1.48186296079079,0.153728406870441,2.08307505528278e-22,3.19606205732037e-21
"9669",120.449202419564,-1.71595242235741,0.178767476881963,2.16859788343805e-22,3.32395577678222e-21
"11768",101.208170803146,-6.22641607607806,0.640322277223563,2.25850632343204e-22,3.45830963277623e-21
"4085",94.103312547975,-1.93044505575279,0.201503857277723,2.55229369401725e-22,3.90038268399468e-21
"6955",188.64124527407,-1.40349659440899,0.145986985599005,2.76342000555366e-22,4.21882120847859e-21
"6682",64.9875821790104,-2.90319998023749,0.30398866982149,2.80028671676196e-22,4.27085478084282e-21
"6640",87.9920910852641,-2.0304410211763,0.212384934823972,2.81559847627101e-22,4.28994314016149e-21
"12261",57.3169240091864,-3.89710296781363,0.406772243319455,2.93566959614669e-22,4.46845025929352e-21
"7274",180.183169676732,-1.45761089834332,0.151828616257094,3.13116328301375e-22,4.76129219536967e-21
"815",118.323321636192,-1.72422937585371,0.1802371836982,3.34158724000801e-22,5.07623495281612e-21
"502",46.5204422343825,-3.76245706613263,0.393893822473155,3.40590155240023e-22,5.16881775652589e-21
"3369",71.7918712335327,-2.37531539775463,0.249221781978113,3.5389120242672e-22,5.36007178562011e-21
"2856",113.64192056413,-1.78351237339191,0.186656174295262,3.69560965630116e-22,5.59188747106791e-21
"2541",128.104517771936,-1.66987804533056,0.174592420558457,3.75132524037672e-22,5.6705993264138e-21
"7662",108.547720146352,-2.06813486085523,0.2170129945212,3.87210228437224e-22,5.84740800680347e-21
"10971",66.9050831178495,-2.57570118640413,0.270565665198206,4.00779567614459e-22,6.04637257218155e-21
"8856",62.7116815700753,-2.70967608012136,0.285100858633585,4.338026078322e-22,6.53814677010751e-21
"12308",130.576238266969,-1.83239484160766,0.192089274054285,4.41960749920652e-22,6.65456701278956e-21
"3197",97.0571192923878,-2.31476065094034,0.24334146348339,4.50769700825731e-22,6.78054854879333e-21
"9738",116.029508695278,-1.7317606335184,0.181543699653169,4.55428481145878e-22,6.84391693067699e-21
"12634",75.3402033290542,-4.63595063287062,0.482096325848676,4.87232869938402e-22,7.31469072746077e-21
"5160",100.03301553341,-2.27281356514425,0.239715872888661,6.06561695737635e-22,9.08835556416262e-21
"2158",44.0339719281628,-3.31923222991718,0.350579603726855,6.3668284120315e-22,9.52107683487323e-21
"5231",107.057725764284,-1.94200691139706,0.20487900183039,7.10904777742807e-22,1.06206543377876e-20
"3263",56.2019297562548,-5.16355793079029,0.539186538838219,8.39444891873983e-22,1.24923404229122e-20
"7834",132.262138462868,-1.66844461017249,0.176159012306068,8.86974362231436e-22,1.31868678679427e-20
"954",48.2124581407398,-3.8177321193197,0.403176037340385,8.89653717842567e-22,1.32138983473945e-20
"2868",136.725713491533,-1.53738061721891,0.162609370347321,1.1611821484532e-21,1.71637935488608e-20
"5327",80.9767407994128,-2.28901749184446,0.24351878381259,1.26348130635684e-21,1.86579342477699e-20
"8624",86.1268348713875,-2.11843937253049,0.225391371407951,1.33206160538371e-21,1.96517511648099e-20
"8216",128.897726322652,-1.55648712758019,0.164960987032263,1.37821752399106e-21,2.03131522291978e-20
"9616",43.6535041351995,-3.25789613186964,0.347681544836578,1.42713102628806e-21,2.10138880387118e-20
"11199",66.7760155731481,-2.86352391012622,0.305434960175507,1.45621275967648e-21,2.14215458980981e-20
"3342",90.032366679276,-1.96820700145685,0.209358205646305,1.50209063095772e-21,2.20752648953873e-20
"12510",190.09553864721,-1.33213984382512,0.141018258147838,1.55776602587524e-21,2.28715829043099e-20
"11390",70.1708359049267,-2.44056798728423,0.260352414115247,1.60818401259844e-21,2.35892612861356e-20
"5219",196.752492353132,-1.34321578697177,0.142437662777404,1.70881527178661e-21,2.50414066046055e-20
"10948",73.3456124905954,-2.66571996692915,0.285304800394582,2.15024335270508e-21,3.14501275124442e-20
"11290",74.1472260884018,-2.47525140800785,0.265189712750572,2.2105806292956e-21,3.22711118889462e-20
"10417",55.5692548574289,-2.998102793725,0.321010401124489,2.26161102550236e-21,3.2984693882398e-20
"7005",69.7328517225813,-2.41981100071469,0.259233212531825,2.26516268917616e-21,3.30051197911015e-20
"4621",60.6964031188396,-5.37586316179873,0.565869411313424,2.27710136915076e-21,3.31475961165846e-20
"10916",53.0522182190653,-5.21377419814592,0.551769918877055,2.36022637485235e-21,3.43250741889664e-20
"6745",70.7170861003454,-2.39823205346174,0.256997627132035,2.41430875599852e-21,3.50783515561414e-20
"15865",258.529752155098,-12.5897833970569,3.22521637606874,2.53932944409714e-21,3.68599164245812e-20
"13715",62.8493070135139,-2.84120999769406,0.305137593999473,2.7058049059833e-21,3.92392860798693e-20
"1758",101.542137832002,-2.00947256181376,0.215603628329004,2.7110417574572e-21,3.92781054623851e-20
"1670",70.1686082086668,-3.39044949904923,0.363875525960584,3.20624478229946e-21,4.62779056395302e-20
"2723",81.2763811158436,-2.16283299208526,0.232746103034034,3.76017326047131e-21,5.41712097046115e-20
"4368",118.779378590932,-1.9153639639783,0.205852706976552,3.82559212080845e-21,5.50619698964016e-20
"7722",166.319145439915,-1.6833888308582,0.180888665609377,3.98231195421474e-21,5.72639290660888e-20
"9603",60.956037225268,-2.31992760918224,0.250326576061243,4.04126886032331e-21,5.80572922508806e-20
"7426",53.3328366140719,-3.34740862357579,0.361635018180615,4.12056855342097e-21,5.9141144354666e-20
"15767",152.404995667075,-7.78460900001498,0.808104790320649,4.56748104483466e-21,6.54331108038265e-20
"11652",103.833757387007,-5.68910203517445,0.602009832067358,4.97569514642058e-21,7.12146367831445e-20
"6997",89.8262562679258,-2.30925289720587,0.249829105839319,5.16127715409136e-21,7.37332172953666e-20
"2351",64.9190154943964,-2.70493394300604,0.293937743115872,6.79151620386722e-21,9.67523055858262e-20
"8524",53.042814468633,-2.60791192519463,0.283412032900521,7.1749047507228e-21,1.02024618712085e-19
"11232",55.6876632213069,-3.49812482369451,0.379315936143393,7.24711612448873e-21,1.02956021016695e-19
"5645",118.587679305458,-1.6060845315196,0.173703311832325,7.59998554414068e-21,1.07869175026596e-19
"7750",81.6136887613036,-6.79370572895354,0.715080141383166,7.74230747543489e-21,1.09787637334194e-19
"725",73.670393522789,-2.10353908072435,0.22833393861977,7.86273998637585e-21,1.11392446547521e-19
"4768",76.8473691920914,-2.41167438346508,0.261754518290452,8.08836288634286e-21,1.14483165835017e-19
"15401",46.5755669690036,-3.85116377669391,0.417825863310213,8.14056460142339e-21,1.15115836571096e-19
"4388",123.504385308414,-1.61364024155723,0.174849054278563,9.07084670278496e-21,1.27947003030849e-19
"9342",59.7337988879954,-2.92420068281641,0.318330560542531,9.07295439598278e-21,1.27947003030849e-19
"2715",91.833299733376,-2.22944577324891,0.243103569614853,1.2290167294899e-20,1.72839630435962e-19
"2463",110.200727984797,-1.81418379013836,0.197892082202433,1.26220118612733e-20,1.77343890098459e-19
"1817",227.103183865799,-1.19258758945465,0.129175404999995,1.50951059403398e-20,2.11704031483212e-19
"4921",78.4656070512469,-2.21662257179863,0.242570346484993,1.52564514528637e-20,2.13771447160993e-19
"8505",185.794408007543,-1.52344355298684,0.166222487270537,1.7747072872448e-20,2.47990290602886e-19
"5150",84.9678197247834,-2.17646927091749,0.238721338761169,1.81730018803045e-20,2.53710980754787e-19
"691",95.1023374593809,-1.97381579636485,0.216619833382104,2.0903458236598e-20,2.91036079604468e-19
"9686",65.9051082681015,-2.28793792243259,0.251131087255716,2.09726817696394e-20,2.91735137254377e-19
"3565",93.1175195023142,-1.95423297258697,0.214478881304718,2.10720916754017e-20,2.92852447985225e-19
"5960",111.701209109638,-1.76993673968946,0.193988911730524,2.22712251121679e-20,3.08400186729234e-19
"8008",60.5033563347513,-2.61718931535547,0.288342587978481,2.56000560572813e-20,3.53220917344305e-19
"7369",95.5037351608484,-1.90968202069482,0.210037139283115,2.74370308400628e-20,3.78226742299266e-19
"2751",148.718529042752,-1.43963541263389,0.157869340886929,2.97634792957932e-20,4.09194500748526e-19
"1377",256.351250143492,-1.09643112497611,0.120031751038524,3.47206713202902e-20,4.76919659863216e-19
"7255",48.9740654498189,-4.07311713697132,0.448786593366205,3.49489925780891e-20,4.79626469700913e-19
"2450",86.4464306688357,-2.166694497236,0.239411884550198,3.62208111377763e-20,4.96636197754157e-19
"4853",48.0000154793329,-3.03223943387008,0.335768319576515,3.78785839270988e-20,5.18902779637032e-19
"9366",80.6322616679227,-2.38395394186795,0.264208928578252,3.97062828812894e-20,5.42971032306259e-19
"1279",95.979390193871,-1.76037630882669,0.19490047198213,5.0466270985564e-20,6.88270218428008e-19
"2665",56.109597243708,-4.2672018330032,0.469986437521421,5.5626630385728e-20,7.5730203195051e-19
"3003",91.3766028231651,-1.86537839000848,0.206826218340329,5.6024486326435e-20,7.62042281654691e-19
"5485",102.866210237692,-1.70232047437673,0.189123800450259,6.92826298051206e-20,9.39048930300323e-19
"8325",50.7916276572225,-3.35085269599998,0.373421244588624,6.92413193304356e-20,9.39048930300323e-19
"15212",65.7993683658756,-2.7617883181014,0.308748649579903,7.26662606441638e-20,9.84040985934161e-19
"6226",61.7855336785248,-2.60327841497814,0.290664692605162,7.40947425703785e-20,1.00250056019164e-18
"666",241.315947934718,-1.15603911077941,0.128033450509278,8.60867062752492e-20,1.16167839435457e-18
"7319",46.0123479537531,-2.9307432274417,0.328273567062142,9.02237354519661e-20,1.21643477419993e-18
"7279",68.9992002799008,-2.23946112808386,0.250871393779734,1.07716502823471e-19,1.44846126452281e-18
"10183",54.1843539684994,-2.96078407925469,0.331982017102762,1.08118818235172e-19,1.45259809823314e-18
"2371",56.6502217556053,-2.97980411649921,0.335249531060973,1.12518691294588e-19,1.50906842703922e-18
"8828",154.203410767874,-1.49869280921353,0.167229246919692,1.14666535641873e-19,1.53519079961018e-18
"244",249.794364101654,-1.20927498532407,0.134529801966246,1.19557709885196e-19,1.59927981060903e-18
"13496",57.4159642655751,-3.07256591379455,0.345387621023861,1.21772535165907e-19,1.62748781101961e-18
"7886",107.199704047815,-1.72580912369296,0.193070079374856,1.27507688330424e-19,1.7026548842939e-18
"9561",60.7969902153033,-2.38626998430861,0.268280197087678,1.30665869328465e-19,1.74330994183186e-18
"9021",61.9461665845597,-3.17353726300756,0.356496188337542,1.33392401307108e-19,1.77814041116852e-18
"628",152.844558649156,-1.36387784967222,0.152240049900658,1.3630966262311e-19,1.81545065418956e-18
"10562",85.7754948786424,-1.9775795422373,0.22213833503107,1.36912206520224e-19,1.82189417575004e-18
"15297",269.167132892703,-9.07485117563848,0.965531996609723,1.43137914270799e-19,1.90308927093316e-18
"7680",76.3594058061597,-2.39432115655866,0.269761175600911,1.67428102458836e-19,2.22026739500944e-18
"2343",169.004864842244,-1.26060793471018,0.140851379847069,1.71981756705113e-19,2.27475525269531e-18
"13804",51.4659712230088,-4.40798819919562,0.494113444441948,1.7408108047071e-19,2.2985593955784e-18
"13412",166.170865611509,-12.0002925321477,3.16181912573444,1.83815224307923e-19,2.42500170813109e-18
"13667",52.8223914840922,-5.32420213210932,0.593205708540258,1.87408541842629e-19,2.4702828672607e-18
"13919",61.9793686826359,-4.3718665947678,0.495764838170589,2.05063365703178e-19,2.69835953686438e-18
"4964",57.1165870105098,-4.05906989420802,0.455044617833133,2.05986502467122e-19,2.70818415368727e-18
"15761",48.0054354453218,-5.605402968922,0.622432385107236,2.09041707714161e-19,2.74599907659107e-18
"4818",163.162918712064,-1.61082515445807,0.181382265524596,2.14619885077944e-19,2.81686304255851e-18
"2808",106.149628762851,-1.90970436890528,0.216086480878971,2.78996462006305e-19,3.65866898851515e-18
"8302",83.9895918843415,-2.1677661675485,0.24653987688792,3.48966354556859e-19,4.56452751744748e-18
"6126",66.8184732448075,-3.30182517535263,0.374857685828039,3.70006380639891e-19,4.83561149757909e-18
"6869",122.666652346529,-1.4201163595635,0.160829931155246,3.93050492722427e-19,5.12803886891173e-18
"15886",331.840714258306,-10.3658941496084,1.3080559538777,4.33849178376498e-19,5.64592700918626e-18
"9442",73.4656332860236,-2.22234332428041,0.253632093539946,4.42714353682382e-19,5.75641214283795e-18
"3784",47.9323055256389,-4.66025812410242,0.526581848875761,4.5073565712017e-19,5.85574698323011e-18
"13083",38.5808579427547,-4.64954321422673,0.525703844933545,4.7947201091918e-19,6.2238063143257e-18
"7175",57.7950204801805,-2.71358067811411,0.310284363240173,5.18066400052389e-19,6.71342295270592e-18
"10124",134.979161546562,-1.43424671522938,0.163156141347553,5.74612432675798e-19,7.43362441361279e-18
"5015",103.498892443496,-1.72424636627927,0.196696440978624,5.99522528616033e-19,7.74934638294507e-18
"1321",69.7172643832321,-2.25826461976768,0.259017939766046,6.32445284162944e-19,8.16802019773741e-18
"10480",79.6643317690124,-2.13302091548483,0.244405697274665,6.68339376244711e-19,8.62433225376165e-18
"8059",142.24549737179,-1.41531500588997,0.161303925025207,6.83925229423001e-19,8.81803764288832e-18
"10328",49.6199210230835,-4.39355091601292,0.500132365773772,7.50816057172013e-19,9.66423721911929e-18
"12202",105.525054180688,-1.73081758397735,0.19822826462199,7.56611671261664e-19,9.73067298589079e-18
"726",257.56692561101,-1.13757933659249,0.129433230906631,7.83623939342197e-19,1.00612067793534e-17
"8175",109.648568186964,-1.76337051730217,0.202681857722626,9.032812309964e-19,1.15781486442588e-17
"483",42.2172569540416,-3.57273116878374,0.411269645312065,1.02533381006188e-18,1.31097472064829e-17
"8751",60.178033889266,-2.65029527109203,0.305807572436011,1.02489920882815e-18,1.31097472064829e-17
"5206",121.277065100797,-1.56201268713494,0.179296168811036,1.02844921073553e-18,1.3138631340812e-17
"15327",60.5524894125461,-4.5746472046066,0.524675869357954,1.03200931313151e-18,1.31731438364199e-17
"4220",64.5231040379146,-2.36229708200796,0.272995097465252,1.224947301824e-18,1.55969846073739e-17
"12418",76.7989821903428,-2.11773094451866,0.245140971900924,1.33694859381231e-18,1.6994865182156e-17
"9911",302.274243174702,-1.07649878539082,0.123343069333881,1.64343295614284e-18,2.08217934319567e-17
"12439",58.1836875276236,-3.38362714459512,0.392374490270318,1.70579761405906e-18,2.15763007357858e-17
"10127",87.7113887037123,-1.83933945301983,0.213300049352316,1.7301019751761e-18,2.18656957208624e-17
"15963",74.4374707654403,-2.84615071522755,0.333151125998889,1.76190284528027e-18,2.22492801276832e-17
"555",58.2790113655905,-2.43087627375501,0.282674814032803,1.8567560274265e-18,2.33893331106772e-17
"11924",47.9790172065551,-3.02425608511282,0.351912416797385,2.00621729796326e-18,2.52306491825003e-17
"10597",52.4481722086764,-2.55651245778441,0.297956807217095,2.0231947490368e-18,2.5423322714555e-17
"3569",91.1093675309131,-1.80310517350736,0.209287870081108,2.03277137233443e-18,2.55227587280909e-17
"2173",65.6746305598448,-2.15567020562561,0.250867091405312,2.0680503570651e-18,2.59444780281683e-17
"5809",179.03308577631,-1.4641821556447,0.169338735326096,2.0937149224868e-18,2.62235657597674e-17
"8407",44.6286498811768,-3.80745823578311,0.441492519257421,2.15886311504525e-18,2.7017485133882e-17
"92",137.898797213961,-1.39301784662604,0.161141213258882,2.20377501994624e-18,2.75570661214631e-17
"260",35.3868059998518,-3.22455244325489,0.376566512900977,2.21143703277441e-18,2.76303569982555e-17
"1611",61.3418156390166,-2.33206921658187,0.272338248112827,2.52837977181852e-18,3.15133475540305e-17
"1222",70.8072480328091,-2.18872583736665,0.25542696584647,2.53756413418221e-18,3.16021481418487e-17
"14551",49.4102003349064,-4.67603129877853,0.542328965266127,2.74496870083704e-18,3.41020686452978e-17
"2679",110.14977578717,-1.64351960199783,0.191244741727488,2.78509979618004e-18,3.45446937532663e-17
"3550",99.9347511275198,-1.70796372708988,0.198892990126918,2.96149972665708e-18,3.67029808611467e-17
"7235",132.297553480951,-1.48721909286211,0.172902141125803,2.98664896875929e-18,3.69847902563953e-17
"3517",150.015309906154,-1.30490784232908,0.151615289302647,3.22900647599968e-18,3.98573180702036e-17
"5054",129.69717995047,-1.42579364700431,0.166026400166219,3.38004632782369e-18,4.16546592833726e-17
"7011",54.7981905856466,-2.64099061114614,0.309972110320853,3.73311417678107e-18,4.59319733876119e-17
"4083",159.561767843057,-1.24813779539286,0.145247163508984,3.87745209912753e-18,4.76696695167578e-17
"4172",65.8128512940054,-2.26104683638818,0.265628955773068,3.95263905192367e-18,4.85551168724298e-17
"5466",101.043081025795,-2.00162748997898,0.234810894454546,4.16136545467161e-18,5.10782641368212e-17
"1346",138.804452626527,-1.36262266296252,0.159396155843889,4.57952693773504e-18,5.60763621753142e-17
"4701",124.379273195824,-1.47507886973529,0.172706955031883,5.02236478865984e-18,6.13520246436369e-17
"1658",68.6545385122678,-2.28475864043264,0.269297618218643,5.29108688878907e-18,6.45832507038112e-17
"14700",46.319797387294,-3.0342003463107,0.357829090668302,5.48342381390403e-18,6.6877719854316e-17
"1354",76.3566892512005,-7.27328813447797,0.826038387922182,5.56044792543801e-18,6.77632664972164e-17
"2519",54.0334815219759,-5.32984431740542,0.620800579563433,8.08970672675938e-18,9.84301112677789e-17
"217",239.975523595099,-1.02950729764297,0.120667612220435,8.2682484844516e-18,1.00522770599795e-16
"10306",290.181344605334,-1.33773558376114,0.157405506168993,8.286168088588e-18,1.00660868553607e-16
"9810",131.184179407963,-1.48174252391542,0.175011640158785,9.6766881743702e-18,1.17459989445698e-16
"9352",59.404942271153,-2.44172350189871,0.291133622586594,9.76105015777738e-18,1.18390349858323e-16
"15632",87.4814837868535,-2.39387844630138,0.284650926890984,1.0330635480925e-17,1.25199794773959e-16
"5770",120.392119425807,-1.5514669712163,0.183670963414069,1.05790044209866e-17,1.2810865416827e-16
"12029",80.0131440586507,-1.95215772615041,0.232560348741866,1.27223220175471e-17,1.53699674578917e-16
"4972",40.5432340694708,-3.36500135944774,0.402491955878006,1.28410530933842e-17,1.550120201509e-16
"10165",51.2585807809882,-3.0706005457413,0.366157101252402,1.28902277739351e-17,1.55483305609659e-16
"14623",144.296900457543,-11.2488323651264,3.0727598386663,1.40887478690382e-17,1.69806487474197e-16
"567",68.2144489923574,-3.92047505154557,0.465804453319392,1.43277433725823e-17,1.72551465122081e-16
"7507",55.1554641424755,-2.50076972130018,0.299602207275499,1.65847396992083e-17,1.99419797182564e-16
"3461",125.115509594255,-1.61700791564708,0.192815083866595,1.76419111186171e-17,2.11965420746235e-16
"13097",49.1203536399747,-6.2223570585839,0.72459529323976,1.90488346342802e-17,2.28333023276376e-16
"12027",185.164516869359,-1.18073599257259,0.140763449816838,2.37216402775551e-17,2.83901034928649e-16
"15615",206.415570483302,-9.77966070827434,1.29960443471448,2.50113440871585e-17,2.9910292465259e-16
"4351",48.0954481760589,-2.98887698312445,0.361190502238842,2.96818495780416e-17,3.5357811962414e-16
"13890",45.8070809725703,-4.40822677939434,0.527781915142121,3.07276618673666e-17,3.6575214587355e-16
"10772",83.2452323697906,-1.71584818195964,0.206915808578578,3.3545740039924e-17,3.98986270877949e-16
"5982",96.9741319904243,-1.75268487873825,0.211779961860094,3.93307606855906e-17,4.66706775869309e-16
"7482",77.7800998247853,-1.9368498572139,0.234632185327874,4.05983863404875e-17,4.81004665345251e-16
"2504",132.766394637633,-1.33775672805385,0.161140821593144,4.18466945037675e-17,4.95029941226912e-16
"5818",281.017579785043,-1.0403140741314,0.124472107229709,4.21430186028187e-17,4.98151259185706e-16
"11653",85.9833486376581,-1.84793772920741,0.223828301563691,4.30106019117073e-17,5.07624357793327e-16
"9035",143.740051276004,-1.34462047517258,0.162031476196141,4.41821808605068e-17,5.21050884660073e-16
"6981",119.192111937769,-1.52170250843434,0.184099868212713,4.88793704361164e-17,5.75119770399796e-16
"10255",183.177959391795,-1.13178511488377,0.136311608572356,5.30876571362367e-17,6.2272471211107e-16
"14486",103.518603171578,-11.0853118383088,3.05623826675945,5.32297418956622e-17,6.23914384954275e-16
"1998",38.4807261776649,-2.8411064729083,0.34755268980843,5.33932927004638e-17,6.25353656414668e-16
"11154",47.2009841159882,-3.33388710265983,0.40524562372592,5.47724621495214e-17,6.4052887710374e-16
"2084",78.8045800982262,-1.86221173071492,0.226496512264604,5.52096020467165e-17,6.4514921873783e-16
"11835",101.427805292915,-6.93192066378367,0.810022566630049,5.61843142474566e-17,6.56039523210599e-16
"12720",92.7335888490451,-1.67757000545599,0.203467326788148,5.70560537016125e-17,6.65711811364138e-16
"9967",59.3423823345891,-2.31779428282252,0.283096052701452,6.21834970652702e-17,7.23885732528407e-16
"4634",109.507471147406,-8.38928094489658,0.968653272891214,6.65198930318835e-17,7.73116968054985e-16
"14280",50.0248252480554,-2.71743922701064,0.332706535839073,6.9255866472782e-17,8.03169130228189e-16
"2931",70.7710878713329,-2.08848393402673,0.255820782346288,8.24390463100529e-17,9.53174293545698e-16
"7047",78.9924957553082,-1.86095653471881,0.227822167716085,8.43636446909563e-17,9.74692319648602e-16
"9729",59.9071251803869,-2.56146862492007,0.314406099017006,8.66559338643693e-17,1.00042286928594e-15
"8174",52.0178758319198,-3.23013960370232,0.396519342244673,9.52698822822831e-17,1.09904195778727e-15
"7922",82.6955294297957,-1.71645872150863,0.210316759025982,1.03114015109156e-16,1.18863886838451e-15
"5917",107.950732925499,-1.48266272521821,0.181499332603981,1.15370770686245e-16,1.32793228405031e-15
"201",62.179571104253,-1.98557498727734,0.244577985405739,1.19845494635442e-16,1.37840286671034e-15
"54",72.7418581563756,-2.7168249040313,0.335534825780075,1.32248453429136e-16,1.5165082368933e-15
"15785",54.6826771311076,-2.3829099029185,0.294871491383966,1.38061551156456e-16,1.58080476074142e-15
"8028",70.2597149003699,-2.1015240330296,0.259072100589213,1.39883616072908e-16,1.59928041833579e-15
"73",59.7910446348461,-2.08428017572883,0.257469187739463,1.44079802478417e-16,1.64602859972178e-15
"766",77.1566794037788,-2.13033897818198,0.263767852047329,1.45710421759012e-16,1.66341889958968e-15
"4911",216.277216821021,-1.13840073228347,0.139156208485069,1.46066560294549e-16,1.66624478408867e-15
"4675",71.8946800886057,-3.08331434701155,0.38069926469039,1.47060998762251e-16,1.6763424249697e-15
"13886",110.285933143681,-1.83671780090267,0.226888690458084,1.56285422144727e-16,1.78016869485267e-15
"2569",136.582203090188,-9.50827406923008,1.29842054956185,1.7905129377216e-16,2.03495111136759e-15
"5794",80.7897433205124,-1.83588560400959,0.227124923366469,1.83170063471981e-16,2.08022078745419e-15
"2318",77.9817252199675,-2.05720288682543,0.254744005776702,1.87707192706844e-16,2.12859679061427e-15
"2461",103.758705254441,-1.55959393870662,0.193050705226461,2.1264710695732e-16,2.4096340930917e-15
"13365",109.471185787143,-10.8330508783118,3.02262639999899,2.15729104794665e-16,2.44275398882992e-15
"10015",55.315645412126,-3.6056734907653,0.446231431590371,2.25729186482456e-16,2.55410243967575e-15
"10073",74.3596840498157,-1.77173827382573,0.21987210429572,2.29394654138845e-16,2.59366409613287e-15
"12227",46.2575554172593,-3.33102311815547,0.41526416030409,2.47389444938012e-16,2.79300680918611e-15
"3773",42.5085168176452,-3.28007489047118,0.410903967173224,2.61785979977702e-16,2.95336933146903e-15
"4876",58.4559754926074,-3.00562054527308,0.374569607770218,2.64847630056574e-16,2.98571431885232e-15
"4558",81.6460138006773,-1.80798315510147,0.224891333078834,2.68679334373878e-16,3.02668651049809e-15
"10602",78.1365195354995,-1.82006575921312,0.227052034599567,2.93867987749385e-16,3.30316229746434e-15
"1098",69.4557797398761,-2.20526366421211,0.276862670304628,3.38514778829489e-16,3.799438369847e-15
"1631",98.8538447918744,-1.59337098096242,0.198675900856484,3.48540668983868e-16,3.90910781010196e-15
"2659",64.3578562726189,-2.52932433748752,0.317677417324865,3.50820733703244e-16,3.92856669503563e-15
"7520",75.5046705698551,-1.89447612216336,0.236929912327525,3.51043794492202e-16,3.92856669503563e-15
"467",49.3950324198849,-2.57562169322489,0.323071726750402,3.58415385601591e-16,4.00813940326911e-15
"4720",55.7467967679323,-2.3726668806512,0.297855420893048,3.64746218163806e-16,4.07003725475438e-15
"4175",91.3504036305618,-10.7706923692316,3.01123064530531,3.67739272982167e-16,4.10045324517833e-15
"8619",69.1590511793313,-1.98213112265343,0.248291051268074,3.81801261837208e-16,4.25415886736985e-15
"4157",67.2516424133509,-1.94042183359587,0.242929835010901,3.83526963809158e-16,4.27028607091721e-15
"4639",135.099767436047,-10.7404443728045,3.01321655293695,3.87952641819043e-16,4.31330245176057e-15
"3637",121.237014558437,-1.43291836986291,0.17841854360384,3.89250091618732e-16,4.32459388537742e-15
"12069",57.5274364387544,-2.57021548492119,0.322955383668858,4.08359591307459e-16,4.53361882013774e-15
"8923",39.3082791564187,-3.63936922413803,0.456445816449885,4.1154232916625e-16,4.56565000462601e-15
"7246",61.0256678566896,-2.20501277198052,0.276891140985516,4.24965815084571e-16,4.71116365667816e-15
"7764",78.1374276470289,-1.99805880505341,0.250829397113602,4.29354302476716e-16,4.75310876166353e-15
"4019",49.4738024085105,-2.3899787663849,0.300914872533161,4.43147273186003e-16,4.90209705298691e-15
"9894",92.9918840602386,-1.53695473870329,0.192164402358647,4.52990983349404e-16,5.0037729715838e-15
"3853",47.790821999439,-2.3197644769432,0.29259613814567,4.71846218557366e-16,5.20455537837934e-15
"3086",111.955344693021,-1.47337504247029,0.184350078248499,5.12187173038193e-16,5.64546537063578e-15
"7297",52.7509070595748,-2.1486147566724,0.271428974346983,5.78497447554289e-16,6.37177770123866e-15
"9955",71.3274804463899,-1.9972390422173,0.252110178340259,6.01150857428069e-16,6.6165406065415e-15
"587",86.6917755317037,-1.64266726539092,0.206684345383801,6.25601522339073e-16,6.88071982598452e-15
"615",42.3662846137495,-2.56383706549177,0.325159903544313,6.28029526468105e-16,6.90247637865339e-15
"2328",266.209051571718,-9.30063212683603,1.29142785057558,6.40951302879744e-16,7.03945299934424e-15
"1499",57.8002040751071,-2.57070757522575,0.326528800695684,6.60981249976344e-16,7.24906027046966e-15
"4945",46.5352173090938,-5.9669547209777,0.734064758502142,6.89337270384055e-16,7.55464409964468e-15
"12020",69.2389722527661,-1.8991067108541,0.239914447277417,7.01687960190513e-16,7.6790287968638e-15
"14566",70.2611023819099,-10.6651085446361,3.00360304545441,7.73696614538517e-16,8.46103147317496e-15
"979",71.4502703366893,-1.82647964825894,0.231118207437861,7.85231128761233e-16,8.58105499186866e-15
"2809",130.085600299122,-1.28337770390079,0.16128926374354,7.89658456415462e-16,8.62329515785227e-15
"13050",55.320758187037,-5.54009914108072,0.699209289091627,8.63598330188336e-16,9.41733417205375e-15
"7778",44.7133487571331,-2.77235325255958,0.35296072369539,9.2743517099482e-16,1.01062768668846e-14
"7342",59.002270287299,-2.00574151002599,0.254977296851007,9.38830149566514e-16,1.02231873561384e-14
"9210",121.446389451726,-1.31279612410447,0.165652915052445,9.8239743795686e-16,1.06597764431203e-14
"11172",25.704563583946,-4.81396827644767,0.60728216379648,1.03091880364661e-15,1.11783655154416e-14
"4779",35.2940352281331,-5.08152006159277,0.644583148785828,1.06749049846704e-15,1.15585791940577e-14
"14401",178.696947035141,-9.20549769575482,1.29141511126368,1.12214177930864e-15,1.21417639773854e-14
"7301",67.8086027801022,-2.17400278895793,0.277707165566241,1.12763324315897e-15,1.21925841083778e-14
"9088",65.3434647126466,-1.97828958810613,0.252286324717993,1.14162245514624e-15,1.23351502319075e-14
"239",56.2400189710293,-2.386648529157,0.304857416736997,1.18750727048868e-15,1.28131534242423e-14
"12206",44.3123510540769,-5.98843718982236,0.745743191395923,1.28507071437423e-15,1.38363789267676e-14
"11838",32.6108498993442,-3.25449620279598,0.416601041136163,1.30831044613484e-15,1.40767231241563e-14
"3281",90.5281574038006,-1.59337046335273,0.203098657248415,1.35683171284856e-15,1.45885556904243e-14
"5876",117.216015219888,-1.36356015153735,0.173153935079507,1.41186143609194e-15,1.51589853141768e-14
"12474",74.1790578866492,-2.22324921579537,0.285710400712395,1.4490215233839e-15,1.55362244816766e-14
"12222",186.396658384381,-1.18570013598175,0.150361288772197,1.51333521417416e-15,1.62144568373423e-14
"9248",537.491964212493,-1.1835993387814,0.150633262562913,1.58113472372558e-15,1.69290649449557e-14
"15015",55.7527799434998,-6.13360278939674,0.769465074469305,1.58327751757539e-15,1.69401861591068e-14
"5193",63.4297811500794,-2.25533093650151,0.289616536355365,1.62387385257796e-15,1.73624365993754e-14
"964",99.4763163376203,-1.64777362764308,0.21062184421905,1.66683832824355e-15,1.78094014416719e-14
"9129",179.321305710241,-1.14941813085726,0.145987547110463,1.74276707630022e-15,1.86077072036704e-14
"15931",51.726830900008,-3.33918639174927,0.428989464908562,1.79374361547827e-15,1.91253705992238e-14
"526",150.727779516137,-1.27358686943135,0.16222740756007,1.86124273559772e-15,1.98037775951982e-14
"2378",96.3400801224464,-1.43965087762984,0.183923963796297,1.90180154802863e-15,2.02072999663458e-14
"7900",74.9849563269972,-1.80661947009435,0.231928817914375,1.9821498251593e-15,2.10464531262416e-14
"1626",57.5557753729955,-2.0722867166867,0.26711590683673,2.18200960803338e-15,2.3088671321418e-14
"1194",45.483925580049,-5.85196456245909,0.733441028786591,2.2153793792001e-15,2.34094805888892e-14
"3239",47.0825859824096,-2.54450740301068,0.328842636451182,2.24384296105522e-15,2.36939315564145e-14
"2939",98.1914342361938,-1.50542509274005,0.193155801445862,2.37670303584224e-15,2.50796111959611e-14
"4937",87.4199793408079,-1.79111898935221,0.230584373025755,2.47084154168173e-15,2.60550665113559e-14
"4379",73.9138546249231,-1.72427314125979,0.222535258808261,2.77164853486594e-15,2.91669433953691e-14
"6670",75.0047225963928,-1.91533719778535,0.247685759772341,2.80563996616284e-15,2.95044098703471e-14
"2729",128.5095496806,-1.28195134496323,0.164411053051765,2.88795625616358e-15,3.03284824355358e-14
"2486",37.4816329928376,-4.98466335952382,0.636757887503405,2.96755486678161e-15,3.11430877708825e-14
"1943",82.2374684718437,-1.7378895031058,0.225296659042034,3.68779723568894e-15,3.86488203464313e-14
"1070",65.4689791690509,-2.11574145766166,0.275479289331097,3.93190648069136e-15,4.10948509082068e-14
"10908",96.0258669344797,-1.57270847957305,0.203749898930996,4.03849773734739e-15,4.21801707175773e-14
"15562",51.7562953608467,-5.82072512204244,0.737583799445585,4.10418225218266e-15,4.28370532620671e-14
"7655",109.311139092128,-1.64516771690856,0.213500206991162,4.1670270087357e-15,4.34634231101508e-14
"7726",126.47464108686,-1.36968990103962,0.177578750197407,4.29506268142418e-15,4.47684420659587e-14
"3220",58.4087957664592,-2.07486324736899,0.270884494253636,4.38634045139818e-15,4.56888129978291e-14
"8401",63.1164498335095,-10.3862101233457,2.9702988102568,4.63279894872372e-15,4.82232254208059e-14
"7172",47.7602939716557,-2.40926971202148,0.315531790236243,4.64443718174739e-15,4.83115930030849e-14
"1353",240.148861347633,-1.13225769944611,0.146185453531798,4.846057927253e-15,5.03747064890534e-14
"1154",57.988503835544,-2.06518945072544,0.270518012915007,5.36483287842804e-15,5.56919017954813e-14
"2996",103.129745647845,-1.4599537645559,0.189879533927119,5.58862777483603e-15,5.7897579979277e-14
"1870",30.4631983091145,-4.63006345948466,0.600132375832049,5.7203372233594e-15,5.92220877314462e-14
"7367",163.9282873488,-1.0475832302793,0.135692245548978,6.39482913437372e-15,6.59824232741735e-14
"11833",31.5100243660752,-3.58406734529742,0.470277577663956,6.82307953660521e-15,7.03065878644283e-14
"5829",38.4249602563303,-2.9507026981441,0.388374759876121,7.05542689968443e-15,7.26519563233948e-14
"9699",35.7896982740236,-3.31362378906737,0.436679064816827,7.11707493026387e-15,7.32376127800393e-14
"7400",61.3524977832139,-1.98740256644579,0.261212024996792,7.26813863786527e-15,7.47419913678062e-14
"7429",50.7627457467221,-6.46627477119032,0.81642709031671,7.30768168859888e-15,7.50480322276925e-14
"15626",73.233784176376,-10.37434833812,2.98186461199826,7.33865812394844e-15,7.53157401978201e-14
"12790",39.2916564340191,-3.12021573691555,0.412510195258175,7.49104580264141e-15,7.68282859290957e-14
"10186",79.9546612075872,-2.11906898204037,0.280019708501613,8.64680738094123e-15,8.85043133060582e-14
"2340",37.5581443110788,-3.53136002300903,0.467875486479751,9.46163790531968e-15,9.67154632786941e-14
"215",79.4411785956578,-1.96372898998444,0.259134059515519,1.03148505422807e-14,1.05226563743493e-13
"2349",113.89453027227,-1.36140479175292,0.178667332094857,1.05563354474839e-14,1.0747568332498e-13
"1665",46.0464859590789,-2.34347254907966,0.311164692366541,1.0578122349297e-14,1.07626081701104e-13
"3683",173.392056641313,-1.2013861549651,0.157499034993059,1.15123931849663e-14,1.16899171831196e-13
"8066",34.6602784797687,-3.26850185807533,0.433663581038574,1.16597011877433e-14,1.18316663573774e-13
"3962",124.531887686424,-1.36923279461802,0.180207600240135,1.17096690814216e-14,1.18745176943986e-13
"1474",92.6339368297869,-1.45632856331414,0.192329426574092,1.4046147459246e-14,1.41876261005405e-13
"10398",84.7147450511954,-1.54874262801259,0.204947470453899,1.42004752931164e-14,1.43340718698871e-13
"15271",61.9947094880913,-2.17117143028935,0.289308304518079,1.42965371908643e-14,1.4421549646248e-13
"1032",52.4064972274354,-2.10823448573521,0.280988068111465,1.53723132406112e-14,1.5496544155762e-13
"1472",83.8381195866817,-1.80821837354691,0.240420873608173,1.5738259078066e-14,1.58446265770845e-13
"13516",47.5551829513338,-2.99134839239684,0.399432171171907,1.59123345121052e-14,1.60093736668347e-13
"12434",59.1667600938921,-1.99375879024448,0.265696524866556,1.61176873922479e-14,1.62053524023106e-13
"11317",234.292088570833,-1.38424891209689,0.183366724060713,1.69451046031871e-14,1.69927280997843e-13
"8386",41.6964949562445,-5.06494448465478,0.660628829157706,1.74071885033731e-14,1.74447088966201e-13
"1883",26.8408218505411,-3.43780694908918,0.461478928368061,1.86629854842483e-14,1.86666353510314e-13
"11581",116.168168871359,-1.5031400022752,0.199516822240754,1.88006744216398e-14,1.87798663835429e-13
"7828",44.1011275666203,-2.51265980929609,0.337055619965427,1.93182873631914e-14,1.92843515298273e-13
"10844",29.8515425729334,-3.53077733606385,0.473430218029268,2.32077330569761e-14,2.31218343047522e-13
"16163",63.5629612499609,-10.100177581786,2.94374025120061,2.64742558722455e-14,2.63079344461051e-13
"525",178.404621885935,-1.04889030256017,0.139230844303457,2.77394584299721e-14,2.75473469702952e-13
"9446",70.6540563444276,-1.87183661895596,0.25152629232217,2.86697007436834e-14,2.84527308221432e-13
"259",31.1733086523877,-3.30643445235778,0.445719444419272,2.99332324469316e-14,2.96874974423576e-13
"11179",41.6474329198081,-5.69694970631707,0.748663182644972,3.01441272021433e-14,2.98773477818143e-13
"6686",50.4128269722173,-2.17281049760891,0.293528520611623,3.24148822749377e-14,3.21072652514119e-13
"8872",43.8693786322572,-2.46962524500757,0.334181758520403,3.24777437276201e-14,3.21487756137339e-13
"14646",146.397572563508,-8.71672184784527,1.28866848707077,3.3191321773353e-14,3.28127867247781e-13
"2262",42.6948999950903,-2.44601811372768,0.331357501027507,3.59467700243663e-14,3.549107416241e-13
"12534",64.8505573276328,-1.7876611139153,0.242435741648362,4.7291311238158e-14,4.65122172004524e-13
"15071",100.369283918643,-9.94079109728932,2.9249815905954,4.96908981224223e-14,4.87161309835351e-13
"5717",111.929076092247,-1.30037688719877,0.175186972257656,4.97534418635324e-14,4.87463000327061e-13
"160",117.562163286858,-8.62311608215641,1.28636194807491,5.27481206590064e-14,5.15849953434412e-13
"12332",51.1062513368436,-2.44584898372067,0.333944522648821,5.2804900525346e-14,5.16041776280499e-13
"4873",72.475932508773,-1.86444599444701,0.253684744903688,5.55626852311042e-14,5.42301704517068e-13
"176",84.6432538977134,-1.55945918621802,0.211367591717992,5.59043420897189e-14,5.45289460065198e-13
"4416",57.1732538463902,-1.98698109486651,0.271117026134857,5.69407746230246e-14,5.54693527010201e-13
"12247",57.6372588111229,-1.93336075802155,0.263565670649607,5.95142883838093e-14,5.79028361872407e-13
"14481",36.2619767450388,-4.15863999246278,0.56277911940157,6.04297971223221e-14,5.87562976709625e-13
"4950",111.386673146785,-1.26297149224424,0.171008837097764,7.03944331547799e-14,6.82719208529575e-13
"1429",105.710044433241,-1.36530601346119,0.185024322889621,7.06849696353628e-14,6.85103909738074e-13
"11282",62.0552946047725,-1.86382947041638,0.254818115191796,7.160907379612e-14,6.93184870191715e-13
"10617",46.3402185345183,-5.48969222045973,0.730435140766031,7.16928568765832e-14,6.93558324752469e-13
"5458",101.266591010193,-1.38431381921824,0.187813618825471,7.35958540530671e-14,7.11071277541693e-13
"10799",64.2889402385692,-2.04940047710546,0.281105284168174,7.60499933561063e-14,7.34320357497004e-13
"9305",45.5084187680848,-2.82463271701866,0.387358001976207,7.68475871449028e-14,7.41555050040405e-13
"13151",53.8416303215694,-3.34885257123269,0.463223676628924,8.44376808359771e-14,8.12752407193473e-13
"15509",38.0656186740364,-2.708808639895,0.373749934550732,8.76879543841687e-14,8.43508642079186e-13
"7514",72.3805872231757,-1.75720926005748,0.240920538762963,8.83002248738966e-14,8.48866134235712e-13
"7176",47.7118258772865,-2.89760146276427,0.401317889625472,8.88003085522511e-14,8.53139094625666e-13
"16174",120.507489275013,-8.58245056123698,1.29321218224042,1.00130920320183e-13,9.58395951636034e-13
"13631",85.0094433438974,-1.66152697744271,0.228397773193503,1.00721428006215e-13,9.63446926371169e-13
"11668",38.6727304290367,-4.63255296952088,0.628809632983272,1.01859937610502e-13,9.73123924506806e-13
"8334",73.2165319225438,-1.7174825703075,0.236492395655712,1.09312809442931e-13,1.04237814498626e-12
"14488",38.3679069062002,-5.47992497407522,0.735323298230636,1.09874447980981e-13,1.04708301575913e-12
"8909",66.2300770983307,-1.92225078820922,0.265275609925434,1.14167906296647e-13,1.08530246983238e-12
"7868",43.3898172425606,-2.83164378610787,0.392210693413985,1.15997828990192e-13,1.10201528804738e-12
"3615",130.682518698715,-1.22585438087371,0.167427743922636,1.25527823525964e-13,1.18813904772293e-12
"10144",47.7050733244201,-9.87294627553799,2.92398459699415,1.27783316099537e-13,1.20799717739692e-12
"11127",40.156254252801,-2.40226540248756,0.333590565874484,1.29814379038483e-13,1.22644212905631e-12
"11637",40.126045965368,-2.5901175619491,0.359272452561336,1.30326234400652e-13,1.23052025502105e-12
"10064",68.0340078983113,-1.76441533466861,0.243393570983411,1.33469227323084e-13,1.25942088242194e-12
"2427",57.9163081009873,-1.87585557290874,0.259940210955168,1.47851861583709e-13,1.39342205913934e-12
"6033",49.360385523648,-2.09736076161221,0.291383843084429,1.58495987464258e-13,1.49282009555808e-12
"348",26.0142385858545,-4.62143680799142,0.633203800276037,1.60611074923597e-13,1.51088640254614e-12
"2843",157.780238671529,-1.16962586804315,0.160554532606119,1.62153626585222e-13,1.52446267934869e-12
"2937",67.8054366756699,-1.79930905276663,0.249406784275167,1.69126229922647e-13,1.5870970921732e-12
"15783",51.8251437160984,-6.15630052082073,0.824210152905663,1.81926748148202e-13,1.70305191997429e-12
"2784",61.3358784017039,-7.36828428273117,0.969587487971038,2.03421930162069e-13,1.90311138687599e-12
"643",48.9224116153611,-2.09576954325027,0.293051459171205,2.13860796417145e-13,1.99833507882354e-12
"12660",28.7008761067574,-3.6150454581676,0.505141511094724,2.38462010613877e-13,2.22279625081939e-12
"14913",64.1253026462944,-8.49392244065491,1.30359072742205,2.52969011160857e-13,2.35373167873925e-12
"4278",97.5442848447739,-1.4767656920736,0.205585112642321,2.54409721475983e-13,2.36570203430667e-12
"9748",100.956123110032,-1.33750800146638,0.185735515693149,2.58936885075076e-13,2.40488415720756e-12
"11775",36.614046147301,-2.87459064952811,0.40488925280717,2.80166359384547e-13,2.60047940232129e-12
"1469",55.2599964731741,-2.03778556125786,0.286526103386961,2.99215304549254e-13,2.77561089340944e-12
"12651",40.6356760975165,-9.66591105821375,2.89464087560984,3.1811475609154e-13,2.94914483547583e-12
"5009",93.1135535076354,-1.4200215943801,0.198501387828888,3.25989470934075e-13,3.02032394477145e-12
"9799",31.7492044231624,-3.15686819162175,0.445823126780361,3.3746607202509e-13,3.12100177400901e-12
"3610",57.3824422008484,-1.83057384815196,0.257850283556533,3.43333198994705e-13,3.17143965814314e-12
"9062",54.7292970403011,-1.87313861661146,0.264020974442039,3.44040577876913e-13,3.1760617246483e-12
"11698",31.582194382748,-2.96993499127959,0.420852528021055,3.63731286869074e-13,3.34977739161597e-12
"12352",58.7705635380866,-9.67335406197274,2.90054593988753,3.68077651841676e-13,3.3877716929855e-12
"9864",65.5373321305978,-1.74113253278498,0.244928647923022,3.69734530677869e-13,3.40098135742839e-12
"8238",38.2740933741347,-2.74364791610084,0.388084305501534,3.71477842118603e-13,3.4149697613096e-12
"16224",94.3340039701382,-8.36058567048574,1.29257806170982,3.78224503122491e-13,3.4728297734341e-12
"4739",64.5836636363481,-1.6730845921258,0.235519660011885,3.9471346579997e-13,3.61773518863139e-12
"4027",56.8731159645945,-2.00255053956263,0.283505004223416,3.98538568134369e-13,3.65061328411082e-12
"2006",48.8737131984189,-2.01611915290041,0.285343155269464,4.0810946485063e-13,3.736052219095e-12
"6244",25.1742001955829,-3.61681637362016,0.511748062596895,4.19178397461097e-13,3.83280938751229e-12
"10560",51.564080563262,-6.01952943932439,0.819715929732821,4.54154954177197e-13,4.1476782511552e-12
"8027",39.0864392948738,-2.75588708696483,0.392457373607514,4.60939427448315e-13,4.20713482173676e-12
"5709",71.6360472597045,-1.65461349015989,0.233713140012998,4.73327383173254e-13,4.31763498218028e-12
"903",104.965946307476,-1.2681049944998,0.177811805381929,4.79830929227292e-13,4.37435885153556e-12
"8741",66.1642413583246,-1.7028293067599,0.240866252211599,5.14011703923547e-13,4.68318383212529e-12
"424",59.5249918187048,-1.84523271923908,0.262040767843316,5.44010949722708e-13,4.95062870794514e-12
"2967",57.5125581463512,-1.80726490870795,0.257211857541354,6.1458424306234e-13,5.5829283844319e-12
"1964",47.9198511917939,-2.22379322846079,0.318373321696125,7.0045866741305e-13,6.34423691506401e-12
"9923",44.6153085023617,-2.02778587807516,0.290408628329096,7.28443049175214e-13,6.5938063147465e-12
"15368",49.0947128818084,-2.02516038357695,0.290361047905321,7.86132772789995e-13,7.09507948995111e-12
"2988",32.2057827372683,-3.50861241332076,0.502965213228524,8.70211320407707e-13,7.8446840711019e-12
"9770",44.0693532481353,-2.36169390031484,0.341149380328267,8.79339125927168e-13,7.91766444196041e-12
"13339",81.979093188642,-1.99184520243175,0.287304336291258,9.78369736609096e-13,8.79901926658462e-12
"4357",82.7245646033162,-1.62455648242242,0.232685278755893,9.98680680047559e-13,8.97642511656104e-12
"10100",80.9121988694776,-2.07383385731905,0.300227606649532,1.07530535416857e-12,9.6538385307246e-12
"3035",52.0116552778469,-1.79187048318039,0.258078045764261,1.08696648434537e-12,9.75282267211172e-12
"15588",84.2375777687488,-9.49058349351857,2.88267049873031,1.09171278086877e-12,9.78968392569816e-12
"8601",40.3198747791804,-2.35102784434958,0.340202952361249,1.17151959353615e-12,1.04808309758747e-11
"13486",33.1888547094423,-4.2002267573592,0.60138280736266,1.17447143841367e-12,1.0501116130292e-11
"161",63.7434191959779,-7.12839248014239,0.972544566190391,1.23108471857401e-12,1.09944894278702e-11
"2529",55.4327984442569,-1.88308826839353,0.272647609761552,1.29994672016059e-12,1.15825101785272e-11
"3458",97.0477290114711,-1.50675805302965,0.216650822116181,1.32637653615762e-12,1.18042895558389e-11
"4179",49.0865920392354,-7.1620407023428,0.980479732045257,1.34854991017597e-12,1.1980776648425e-11
"1475",61.5677822682847,-1.87907754399283,0.271900223041976,1.36465040754904e-12,1.21168004647135e-11
"10862",58.5036345821951,-1.94555939951721,0.282894187475094,1.54857939839943e-12,1.37102444948889e-11
"10076",149.65317313262,-1.08446714225705,0.155160011656934,1.55119729256745e-12,1.37255017646266e-11
"9857",29.2320066736643,-3.8007857004053,0.550443499610456,1.55246100694993e-12,1.37287661265895e-11
"4421",30.3537526246111,-2.82564174897607,0.413159223819345,1.61187333723688e-12,1.42459519661437e-11
"5660",36.4021088877168,-2.59417948468297,0.378923838519689,1.62580333539746e-12,1.43607948042621e-11
"7115",44.776990515454,-2.32327689798761,0.338822744661663,1.67849169754241e-12,1.48006311008007e-11
"15027",74.23624947802,-1.72115917964415,0.249259242139431,1.68876534996921e-12,1.48826690204352e-11
"8199",80.5532835878087,-1.57694076035979,0.228369209686694,1.81076201286062e-12,1.59303449330966e-11
"3211",55.0569405398464,-1.85189474673945,0.269600709924983,1.84679977845534e-12,1.6238079656642e-11
"10955",98.7107100507272,-8.07205528196622,1.28624166790438,1.87239967019624e-12,1.64443206295483e-11
"7924",45.8126048405882,-2.37767786112468,0.348658181040145,1.89098806739853e-12,1.65980720355239e-11
"12835",40.4615599938944,-2.39823445142617,0.350909794925637,1.90590301317474e-12,1.67194224877873e-11
"14283",35.8066399101211,-3.52964997841187,0.519627780749954,1.91192876363516e-12,1.6762698868831e-11
"12537",42.800843328312,-9.29157845834509,2.85067937869383,1.97952459214222e-12,1.73355284344966e-11
"5880",46.5779672121658,-4.28329542229064,0.615004119372734,1.99717907526882e-12,1.74801589000852e-11
"2608",37.6278975494293,-2.62478982120394,0.384973688628462,2.00110992078714e-12,1.75045778304659e-11
"8417",32.8007736418801,-2.70945511527857,0.397151569153469,2.01844973374702e-12,1.76361470756723e-11
"8706",32.0307565103089,-3.21420698688092,0.469643011056857,2.04956167541315e-12,1.78876136438362e-11
"3974",88.7087058949129,-1.38733818962263,0.200750921260463,2.09083783948109e-12,1.82374786646722e-11
"8235",54.6655771101778,-8.07050783605233,1.29047310004106,2.1959366367739e-12,1.91433271693307e-11
"4317",95.7027429101719,-1.38759750781763,0.201332068490192,2.20800795039357e-12,1.92267116815486e-11
"13411",39.3737626629033,-2.83410206197425,0.418767144130098,2.45480197731413e-12,2.13514890804596e-11
"12799",30.6429577961948,-4.16662128999755,0.606533459390535,2.50818951518814e-12,2.17911391458276e-11
"12355",77.9872327736455,-1.59278738090641,0.232710850213709,2.56239741098094e-12,2.22117872749608e-11
"12574",98.5475334448388,-1.32138801033553,0.192301253539445,2.63669696064555e-12,2.28300459747091e-11
"11647",29.8082239882328,-3.47063212175386,0.510171054836697,2.81148226584198e-12,2.4302294312571e-11
"3238",120.417295253529,-1.14584276586402,0.166397834037462,2.86653718970856e-12,2.47363780099541e-11
"8689",52.6283583593058,-1.88972905053555,0.277872645040773,2.9065045868257e-12,2.50671724989695e-11
"4872",45.6167925776059,-2.23760537790337,0.330123888954398,3.04941810442766e-12,2.624073021662e-11
"2123",42.5768683255999,-2.22019460377489,0.327938900386024,3.13641430902438e-12,2.69742179054714e-11
"13695",28.9763866200947,-3.19940927862448,0.47439966361476,3.19478260361134e-12,2.7445436443006e-11
"335",45.5617537128734,-2.07061805847674,0.306222433481748,3.25433454076035e-12,2.7941384923831e-11
"13184",44.9986086274081,-2.20921669813605,0.327117265287471,3.28514674089039e-12,2.81901602044078e-11
"10692",94.5523499184583,-1.36372988972491,0.199432208682647,3.42873647591293e-12,2.93894434357163e-11
"9594",31.3038161991723,-9.25569750679148,2.84209022071264,3.4468372965981e-12,2.95280986274175e-11
"683",23.9061823911257,-9.3451854053238,2.87008075869144,3.51334679808392e-12,3.00642944355837e-11
"3892",85.1833119436639,-1.33520736874787,0.195529890250182,3.6137241016917e-12,3.09060027270099e-11
"1555",115.752631111758,-1.18330853716323,0.172699737917932,3.64327444020732e-12,3.11240310334638e-11
"6195",106.057428569803,-1.2060764317305,0.176210649696485,3.67810066616281e-12,3.13691487053563e-11
"8228",55.9415702007471,-1.86441963301092,0.275731689051708,3.77751945331618e-12,3.21634189635018e-11
"3902",25.4169142133699,-5.25661467462737,0.761092336985568,3.78057825145003e-12,3.21716096017736e-11
"6324",24.2558634224741,-4.80924765752264,0.702522531395513,3.91120517511083e-12,3.32463274247786e-11
"2010",99.1071556619202,-1.33425134565813,0.195792922568448,4.06045532507532e-12,3.44767936096462e-11
"10195",25.4440586347269,-5.31426469982935,0.775242282184817,4.71979199752231e-12,3.98765245693749e-11
"1259",34.7768969726093,-4.31053703978714,0.632428004203158,4.73866380286984e-12,4.00139343574199e-11
"4815",159.799025179888,-1.28355201683879,0.189237034774274,4.92966504914806e-12,4.15810065140619e-11
"800",21.890448268855,-3.38996515792299,0.506219440639109,4.97385701643044e-12,4.19076816052127e-11
"8880",41.0024977584406,-2.41357086891288,0.360745102736633,4.97187454348304e-12,4.19076816052127e-11
"13227",24.4901575181119,-9.22859902948509,2.83887193452154,5.12015051759499e-12,4.31166132774204e-11
"1370",86.8508608204526,-1.42095994439602,0.210008767178608,5.18407347407729e-12,4.36309595791376e-11
"2185",99.8975090532528,-1.26577979852559,0.186515023826541,5.20723956116755e-12,4.38019060235712e-11
"1181",45.7736313655431,-2.02427572958168,0.302023070052673,5.27512957201737e-12,4.43243773403409e-11
"5558",161.474114406883,-1.09230802782035,0.160523923877985,5.50595698390947e-12,4.62132921247938e-11
"6986",32.454074392367,-5.84752478089359,0.84267210663433,5.51652011586453e-12,4.62766364886329e-11
"7725",29.9219810086305,-4.11973663073057,0.610752199921567,5.56210085779862e-12,4.66335046236089e-11
"5999",57.9538790306047,-1.70613115432494,0.254006706893295,5.77673366569273e-12,4.84065672488933e-11
"5685",33.1507617290957,-2.83502346849855,0.425990630403261,6.00568677844746e-12,5.0270186711249e-11
"151",32.0287493636874,-5.79974789842406,0.837384279267892,6.33048362185392e-12,5.29183410206155e-11
"1656",45.2097803540749,-2.47529312389669,0.372858394107838,6.8167766689925e-12,5.68422850175826e-11
"5026",25.5253212274699,-3.67782433194105,0.549669501118932,6.82411041416841e-12,5.6872529106239e-11
"3622",69.1222354878336,-1.79734336256412,0.269184593129757,6.95505957447974e-12,5.79009653018137e-11
"14398",38.422088150515,-3.11670102606574,0.468934956095032,7.07914274721745e-12,5.89019995501938e-11
"5658",30.7159254216823,-2.9188215532185,0.44042524498905,7.41594541702452e-12,6.16709216983236e-11
"14480",32.4923661413521,-5.76855692621615,0.835730052888192,7.5689170676253e-12,6.28748752401597e-11
"9541",151.510994477432,-1.33477332409052,0.198795305238619,7.80219822658242e-12,6.47426324448102e-11
"1309",61.0224054631104,-8.98786472768293,2.8127806154543,8.46186338438647e-12,7.01027915262644e-11
"15081",67.4681257786095,-2.27992029890767,0.344171900270036,8.66522083681438e-12,7.17100772919326e-11
"516",57.244524029256,-1.78336277910923,0.2685503363546,9.1985636593044e-12,7.60417899917605e-11
"4149",38.8868013558102,-2.28176466093635,0.345726212986086,9.2293188323561e-12,7.62549482201613e-11
"1706",60.5433213587771,-1.71273328273978,0.257778762916146,9.26184388863547e-12,7.64824923484037e-11
"1267",168.998453317972,-1.03143662715575,0.153172697120456,9.48496982268398e-12,7.81567626151666e-11
"3905",32.564015348736,-2.547785980819,0.387537417952734,9.63700840790964e-12,7.93669457877389e-11
"1404",21.3789884157263,-3.34703225737717,0.50799346270752,1.02493135289981e-11,8.42739643490984e-11
"2557",26.4628979192645,-3.99831405133358,0.599860051394873,1.05422359863343e-11,8.65896824080978e-11
"152",35.4706032961131,-2.88650211194585,0.43990057270629,1.09096329335958e-11,8.95593890316539e-11
"7317",23.0615116275711,-4.64940138130699,0.693809754761268,1.10942362026305e-11,9.09288814406839e-11
"5704",26.6175470722749,-4.0266733279046,0.606047005422441,1.13834257870997e-11,9.31498143207841e-11
"11858",55.6356359410807,-1.94842771978405,0.295436124208011,1.17419653518237e-11,9.60325023417009e-11
"888",37.0988522783616,-8.94828769514612,2.79726649239163,1.19041673727019e-11,9.73072136384473e-11
"8452",134.661292364482,-1.06628041201519,0.159356711065693,1.21741112836994e-11,9.9407870902501e-11
"6885",58.0678902182317,-1.66684567343329,0.252091191424173,1.21885408039556e-11,9.94727561463248e-11
"9776",54.1704658718503,-1.70285039933184,0.258174626747243,1.25414197924586e-11,1.02243891538625e-10
"1008",43.3582167174423,-2.1022980971586,0.320316517720816,1.30763188098095e-11,1.06548040095012e-10
"55",106.896140982526,-1.22228204116136,0.183632952963142,1.31307488838022e-11,1.06934755904553e-10
"13404",44.0293810511093,-9.36251946957787,2.89560234507886,1.32088599151333e-11,1.07513813091719e-10
"7823",24.9191252014684,-9.06222259557102,2.83602400984043,1.45578788561592e-11,1.18243269078904e-10
"1602",89.445055224291,-1.36362825826966,0.206174352138227,1.53576270319797e-11,1.24541264033649e-10
"15671",92.5805147084886,-7.77843102932354,1.29544676908683,1.55222412707835e-11,1.25809692455167e-10
"6458",148.628111088349,-1.12405025790508,0.168664497727536,1.55419893838483e-11,1.25836803755348e-10
"9666",118.817258859691,-1.31963321089129,0.199575506686115,1.66180986637484e-11,1.34407742645172e-10
"5450",72.9501138764936,-1.43950579333499,0.218407716098816,1.66953618123007e-11,1.34961504892587e-10
"8144",69.3891930371741,-1.45998756553245,0.221653491663244,1.67291095588696e-11,1.35163100559103e-10
"13118",58.9279597751516,-7.26905028437218,1.07264805507597,1.82998562572218e-11,1.47543192093828e-10
"8147",32.4223644255499,-2.80386108503251,0.434248318756935,1.90639651657257e-11,1.5362311845469e-10
"3589",64.0559760751581,-1.65981886904355,0.253604834626632,1.96325972615081e-11,1.58039317829653e-10
"1364",49.2931377017583,-1.84306854246083,0.282873093946728,2.05389042892703e-11,1.65075122320731e-10
"6073",27.520409388703,-2.77765547999987,0.431527919081677,2.08217019156857e-11,1.67172879378527e-10
"7468",45.6205025512349,-1.85942432666563,0.285848738664337,2.11059186807545e-11,1.69366166484737e-10
"10868",40.6723751971415,-2.38976793326993,0.370279786184169,2.184571661292e-11,1.75119555899703e-10
"9191",45.0760429831242,-1.90434338463591,0.293354824088021,2.22133939073443e-11,1.77973943979313e-10
"3526",43.4125209975295,-2.07712705614464,0.320187870176591,2.28182618494054e-11,1.82534197891255e-10
"14771",83.8111976402738,-6.79741253943854,0.991957560548974,2.31326586500876e-11,1.84952778357631e-10
"6249",90.0180281037861,-1.38783673194766,0.212137389693253,2.40553551157068e-11,1.92129783206814e-10
"1695",61.5752085826731,-1.72257676524503,0.26502745164671,2.46806166071636e-11,1.96885783560888e-10
"8301",68.7125179452085,-1.56004832669207,0.239332680972265,2.46893207046306e-11,1.96885783560888e-10
"2885",99.0514094015733,-1.23382923538184,0.187902214102472,2.49284836657182e-11,1.98689727212007e-10
"330",59.5938315109889,-1.62754946173254,0.250126464563602,2.53856825898443e-11,2.02228726882649e-10
"14686",27.5320627990232,-2.72921402439899,0.424197069916534,2.5518971549261e-11,2.03185044359269e-10
"15095",50.8318247057677,-9.26015139127338,2.88975099713585,2.57049398378196e-11,2.04559591250865e-10
"2101",72.1146809043911,-1.51842469805208,0.23339803081788,2.61571758942758e-11,2.07942771889054e-10
"6734",39.300907717111,-2.27439709561002,0.35265076518305,2.6295064120457e-11,2.08930693319613e-10
"2415",41.5982253809369,-2.32793795279623,0.360984927292078,2.69451496955571e-11,2.13874512042904e-10
"471",173.994027630832,-1.01158524664074,0.153748450252645,2.71967994597434e-11,2.15760338216568e-10
"1096",46.5447326279981,-2.13668123960553,0.331951708876995,2.90739889614834e-11,2.30533443222759e-10
"11797",75.7524617237776,-1.49065315068738,0.228923635937152,2.92114096896565e-11,2.31383923008983e-10
"6673",61.2474772020372,-1.74240117577215,0.26974603974231,2.99213308926119e-11,2.36884922541457e-10
"7253",43.8879684216284,-2.09780782238909,0.325740214221523,3.01067624804751e-11,2.38230044733331e-10
"10474",109.301010939809,-1.20279616482573,0.184061003149757,3.02416424997383e-11,2.39173979831693e-10
"2763",27.6394482794763,-4.46295386108964,0.679798947655344,3.03846465866044e-11,2.40181160524612e-10
"7126",24.2945957738568,-2.99237594002887,0.466760160523176,3.11400056044629e-11,2.45645812847956e-10
"15495",34.0259893580472,-3.56479603758913,0.557522840591004,3.14481670857125e-11,2.47821893988745e-10
"4602",38.3050693110987,-4.88269152937287,0.73827612728919,3.17816049159479e-11,2.50320926193732e-10
"6633",61.7962239354098,-1.63633301097659,0.252462263485556,3.21377221310488e-11,2.52995931583726e-10
"12082",48.5421602866243,-2.10856573904811,0.328593516493928,3.22404330784385e-11,2.53674340883324e-10
"9377",19.5945677504916,-4.56442742099313,0.698912195514682,3.23615690915136e-11,2.54496952624855e-10
"15680",62.7021547677846,-1.57296556654773,0.243303754094547,3.54775869191677e-11,2.78146456873168e-10
"8799",102.862806025764,-1.19251678631054,0.183247379953489,3.70845541182465e-11,2.90300160120539e-10
"12674",29.9034399165751,-3.32438757005862,0.519396283619619,3.71920991157977e-11,2.90993562842266e-10
"6247",24.212396005786,-8.86139317048791,2.81178283980002,3.85633139018243e-11,3.01414633314157e-10
"11755",65.7052194003569,-1.62576522432106,0.251969520166898,3.95953743897328e-11,3.09009068800442e-10
"12413",27.4395731852437,-2.7194986260876,0.426742625848859,3.9668336535724e-11,3.09106799120169e-10
"15080",70.0514501376239,-6.65232623695365,0.980340938266033,3.96510380511e-11,3.09106799120169e-10
"14587",47.0192354928647,-7.67773866908959,1.3073241133181,3.99608224869549e-11,3.11227867724543e-10
"6400",38.4029820140784,-2.1734131210913,0.341232339686402,4.02703417017372e-11,3.13479377336253e-10
"10902",95.2247987375754,-1.44818955571307,0.224155039151429,4.27352910758341e-11,3.32498768243673e-10
"9578",23.830564016675,-4.21667523245651,0.653860301561096,4.3438235021664e-11,3.37796675082307e-10
"136",43.6138282885592,-2.04125391773935,0.320460424429469,4.49986958302781e-11,3.49577210189345e-10
"4187",22.4400624990753,-4.53543502369823,0.70023411863062,4.54782703893047e-11,3.53124039768776e-10
"100",99.6016904856885,-1.2581046037445,0.195069235296019,4.55351139998298e-11,3.53386572634996e-10
"3158",44.2120595995727,-2.0465216473685,0.321974579130918,4.73579505348716e-11,3.66976280331583e-10
"16158",40.0922681897148,-7.92385682123821,1.35612404358094,4.73898603722064e-11,3.67038176522344e-10
"7825",91.1149407262657,-1.2636739901273,0.195428294872217,4.76314000723346e-11,3.68722790771861e-10
"15727",71.558181787807,-6.88443454852621,1.03097321411829,4.83253689076031e-11,3.73529539118063e-10
"5459",39.4352491558789,-2.20901225094198,0.347764238047755,5.18986584214459e-11,4.00342441508418e-10
"3909",57.224120167183,-1.74873751669892,0.273800259298827,5.19678104272738e-11,4.00674429842041e-10
"10695",22.6037307202543,-3.60342401011277,0.566687599926146,5.3264908229635e-11,4.10262794662294e-10
"4253",20.2701460542587,-8.90478945168856,2.82751932608557,5.39300213826492e-11,4.15177279515297e-10
"1778",86.6736121240818,-1.55167525311529,0.24271122412287,5.60518054569838e-11,4.30863151866985e-10
"2543",47.3731610522921,-1.99594051937617,0.314943474355666,5.83655169065124e-11,4.48199262210521e-10
"579",34.7418573048722,-3.7730233886375,0.58875952702825,6.08945511605076e-11,4.66919089682992e-10
"584",100.780139636282,-1.22383155635484,0.190577539457916,6.3979673133559e-11,4.89840381680737e-10
"8100",18.1128042807107,-8.82116843377889,2.81440467543443,6.50590355884933e-11,4.97607568810694e-10
"6780",34.0744839701201,-2.48509599284333,0.39443711124738,6.51681840098632e-11,4.98194044475999e-10
"2831",49.3404216002475,-1.91670849605937,0.303256467879251,6.52838098982665e-11,4.98829429914892e-10
"339",39.2871127029322,-1.99979948745936,0.316441672973025,6.53658298166455e-11,4.99207529555397e-10
"14309",40.206860352451,-2.61304016949267,0.416677591571236,6.5700191448821e-11,5.01511461392667e-10
"11183",99.3867959692783,-1.25358907281671,0.195543617486884,6.6593859820629e-11,5.07827828642103e-10
"200",47.0121226016578,-1.84704991582483,0.291536170826738,6.7463237948653e-11,5.14201917459604e-10
"686",119.317015503415,-1.04844852360405,0.162867710809621,7.12190556439776e-11,5.42559071869687e-10
"82",34.3641527014179,-2.31442975650689,0.368072661770712,7.4747781239619e-11,5.68594550103854e-10
"4208",36.5903521896696,-2.15261906967727,0.343389315317707,8.18426471821859e-11,6.21947367863436e-10
"15730",18.9682905172136,-8.8268216729066,2.82045146752471,8.25452102612903e-11,6.26975822296524e-10
"6038",60.177315943129,-1.62655815742563,0.257225230945609,8.37155939874885e-11,6.35550894878791e-10
"3985",25.8566995788983,-4.38705476213878,0.685690850630462,8.40564337518258e-11,6.37507594193901e-10
"10830",31.4332970427772,-2.32355978046096,0.371068994432046,8.72617912110009e-11,6.60511920350462e-10
"2429",66.1229713626125,-1.6109503180261,0.254844938897217,8.7400269950164e-11,6.61233896373454e-10
"877",156.805666515484,-1.00319640625813,0.15728517544861,8.82969952260655e-11,6.6768890968631e-10
"7432",116.568022715148,-1.1677742725335,0.183049536425705,8.85189643142405e-11,6.69037669691326e-10
"15103",38.7331852485669,-7.51815606744456,1.30370529351231,9.03039911821712e-11,6.82193075680971e-10
"4304",95.80376527305,-1.34311865385013,0.211678418093208,9.3784471041958e-11,7.07789050268944e-10
"6534",44.1765045197836,-2.00143110712705,0.319227249475994,9.38992558915291e-11,7.08306923866141e-10
"9757",27.5213763895967,-2.664579666357,0.427107510028643,9.52369604065589e-11,7.18044561925225e-10
"4099",53.851620011949,-4.24478316543216,0.66250304998938,9.72001952325336e-11,7.32126949166796e-10
"8596",33.2454089833402,-2.42667617152101,0.38889362256773,9.82588103571806e-11,7.39374657827475e-10
"3722",50.8040996392483,-1.68252478597427,0.267339166828556,9.83328302905171e-11,7.39568928993825e-10
"15086",125.929874682888,-6.78411909909194,1.03412427852911,9.88716013030696e-11,7.43256726503184e-10
"2152",28.0170003240849,-2.83580334676764,0.455836330972992,9.98018986314442e-11,7.49882728061826e-10
"10501",49.3516833039431,-1.89297101828765,0.302303821153,1.00378168933915e-10,7.53843487984855e-10
"7565",26.3479822272673,-2.75245271503216,0.441525213335483,1.00578422698267e-10,7.54977856878433e-10
"12124",64.7819972446071,-1.76090509645362,0.280937790870871,1.03261220131447e-10,7.73979922069754e-10
"6080",21.4191404888971,-4.58016319476837,0.725370354888578,1.03937942842785e-10,7.78671805193774e-10
"7648",23.3519958193425,-3.94519039398742,0.628514843779326,1.04800016658038e-10,7.84364222236233e-10
"3289",62.233035203535,-3.68430403757148,0.581590773757396,1.05065318295525e-10,7.85966444957697e-10
"12930",31.7513655400223,-4.36023142434699,0.695941005695036,1.05613300762219e-10,7.89296090401716e-10
"433",27.4399669471416,-3.29168560977253,0.525841010761826,1.07868144860735e-10,8.05755085977729e-10
"5289",104.735449008324,-1.21808564953635,0.192194524229109,1.09109265732893e-10,8.14629422939067e-10
"1537",42.1973263203706,-1.95980572495218,0.314435282748037,1.22470630245737e-10,9.12611403526148e-10
"7801",29.149264072596,-2.37895364026414,0.383585849102296,1.2504450763087e-10,9.31338776980794e-10
"10310",104.728495446544,-1.24479429260251,0.196906097226718,1.25375319434191e-10,9.33349600232309e-10
"12818",31.5918393080092,-3.50749388294925,0.566305503116803,1.26729961999361e-10,9.42976628009797e-10
"1683",34.981990211902,-6.51857233279164,0.990555661315667,1.27369210462729e-10,9.47273774178209e-10
"6262",27.518491943246,-2.65178708506104,0.427650002565791,1.28327913819271e-10,9.53941464016026e-10
"10213",39.5472435172726,-1.98144582266858,0.319288287891765,1.32256286573625e-10,9.82191773910518e-10
"6438",59.7920237812732,-1.52890345757121,0.243452729441933,1.36662797530193e-10,1.01344480546436e-09
"4791",61.2377835422355,-1.58982654987407,0.254497070045642,1.4495500355666e-10,1.0733806079005e-09
"4594",39.4859453088526,-2.35166441939079,0.379637431120282,1.48774495876095e-10,1.10060129712002e-09
"911",68.6136958349034,-1.47874868562475,0.23656700749519,1.50472205312136e-10,1.11262411860438e-09
"700",66.6989817470257,-1.6349777295576,0.262159470322955,1.50910619945577e-10,1.11532834384633e-09
"6817",42.4453094291903,-2.05742282128269,0.332845641605319,1.61590356948407e-10,1.19310916586112e-09
"12347",73.7741783735223,-1.32807013193747,0.212069941085522,1.62101271599908e-10,1.19630582499153e-09
"6255",53.881483919749,-2.41813276785055,0.393665106461226,1.62448957948058e-10,1.19829536624858e-09
"2576",113.061111740687,-1.14712940254833,0.182353431918251,1.6331383449564e-10,1.20409618580808e-09
"10483",19.5984316554747,-8.59973604428463,2.78316659867177,1.65630154242024e-10,1.22000165940248e-09
"11612",45.621906253311,-1.91686426122456,0.310244835805071,1.66164153569775e-10,1.22334770068189e-09
"145",35.1869000504728,-2.28289055222464,0.370590834682032,1.69366306356846e-10,1.24632481459621e-09
"6135",73.9614657644778,-1.48319301794003,0.238131447305385,1.751532252247e-10,1.28767414212869e-09
"14792",24.3748484376393,-8.70492064870731,2.81056333866158,1.81360757181981e-10,1.33203355550174e-09
"14212",57.5977715109169,-1.79041334867986,0.290175810756211,1.85000310791586e-10,1.35616806902786e-09
"15835",18.9724934087122,-4.27399851290475,0.699066190162665,1.88530925983441e-10,1.38007156362783e-09
"14542",40.2272116784839,-6.52708733939609,1.00518832172338,1.8874696055074e-10,1.38099409429185e-09
"845",25.6874118809763,-2.78844364584092,0.454575184024851,1.89773862155887e-10,1.38784574216291e-09
"1273",51.1739361027331,-1.71115147309826,0.276589526532883,1.92730272821022e-10,1.40812408375854e-09
"5424",17.7733552832286,-8.61684905094313,2.78804841043999,1.9284242393477e-10,1.40827287502674e-09
"472",35.6981731206755,-2.21300554628259,0.360588122608436,1.94956187999081e-10,1.4230317756755e-09
"10525",29.0585971204742,-2.67117413867219,0.435651006560738,2.02320392726739e-10,1.47328039183975e-09
"1690",31.4318194143343,-3.41235399450536,0.554357039793354,2.14131156787964e-10,1.55706840691835e-09
"15855",80.0578212137353,-1.38206547638829,0.222661981200305,2.21589629499259e-10,1.60901546872084e-09
"3864",54.8523884747627,-1.60760683448192,0.26039026907972,2.21758054838557e-10,1.6094767433245e-09
"3073",146.438607018335,-1.00849846679445,0.161157541187988,2.24511865948047e-10,1.62869293581129e-09
"737",19.6194248988768,-3.29331866600121,0.539940027488877,2.26238206635643e-10,1.64044083384247e-09
"9719",56.3902836629505,-1.87231649968412,0.305511390119291,2.43599552230078e-10,1.76117588097239e-09
"1029",64.180582583704,-1.43285465654289,0.23198745083386,2.52818900467987e-10,1.82627137000016e-09
"7187",45.867762765757,-1.85483057416185,0.303465394597994,2.69648562339804e-10,1.94692606681394e-09
"3208",77.0438129834739,-1.3233750819304,0.214127209453647,2.73407878489426e-10,1.97314067716992e-09
"8152",155.58860409279,-8.21972964888362,2.7153180962865,2.77471928060182e-10,2.00152881627991e-09
"748",95.9995097253721,-1.13522671402156,0.183056765192323,2.8644403634419e-10,2.06333842705582e-09
"2573",138.759816495674,-1.1215919529267,0.180917409078807,2.89830843052299e-10,2.08675486858349e-09
"2207",47.4302126081525,-1.98057283689259,0.325205915168748,3.01646047130671e-10,2.16775423940322e-09
"10078",16.1299399332602,-4.30950255449607,0.708532461302642,3.0307547151579e-10,2.17700700349567e-09
"1771",43.773714926293,-2.09809391794953,0.345771357609773,3.08547638729544e-10,2.21527675293748e-09
"12047",31.0966427541411,-2.95806999346402,0.488908819631198,3.11723955251209e-10,2.23598908154245e-09
"6164",26.236553435616,-3.09584802033669,0.511116318801729,3.14087111727617e-10,2.25188717534431e-09
"139",28.4545501104121,-2.37158778174678,0.392706914632906,3.17750707736438e-10,2.27602666143799e-09
"1760",58.9613785955005,-1.57292323238037,0.256456496948211,3.19742199742086e-10,2.28922285144322e-09
"12475",34.339337426163,-5.24758582862292,0.833076014546668,3.40635219713352e-10,2.43199915126196e-09
"4152",22.1035633984316,-3.46062312652248,0.571677960164669,3.5019466586227e-10,2.49908686433712e-09
"8866",72.1749993831269,-1.42252372619454,0.232237751601761,3.50666426105286e-10,2.50129008634747e-09
"323",47.0789485527798,-1.62960381988586,0.268585493295224,4.07252236326225e-10,2.89549168765212e-09
"10748",48.656367103959,-1.85205188453296,0.306119923707649,4.09154125285534e-10,2.90766639381933e-09
"5419",25.6834972002471,-2.6173190738732,0.436810717725336,4.1355714699599e-10,2.93759597516642e-09
"6620",52.0003513076453,-1.58190650564855,0.260255155755516,4.15611603399219e-10,2.9508231517604e-09
"16140",16.6418829969204,-8.7561084462109,2.83817916784252,4.37899252237384e-10,3.10332019726475e-09
"1282",106.551769053575,-1.14711331942799,0.187124277825422,4.43670013230307e-10,3.14131472680784e-09
"13171",14.4606589167826,-8.52064716399355,2.79193167703799,4.59168736214121e-10,3.24805252177652e-09
"3105",41.9652286031543,-1.90651870737426,0.316443341644713,4.63930581175546e-10,3.2772039166558e-09
"10958",18.206506177856,-8.49615795174861,2.77726437175525,4.65340653165039e-10,3.28565192890529e-09
"3675",72.181163725441,-1.41766101349087,0.233214963317392,4.75089259680815e-10,3.34832085956947e-09
"9774",40.7211923297117,-1.85897993336484,0.30873054654665,4.77081464987567e-10,3.36081768471269e-09
"4549",36.0823898965186,-3.12505475649574,0.51808206667558,4.79288181036915e-10,3.37481347482762e-09
"14496",21.9859926667217,-2.65520672531494,0.445261332245292,4.90241048181781e-10,3.45035247809774e-09
"15708",41.0611489309767,-8.25353163114964,2.73825898702591,5.1222756832188e-10,3.60179082528075e-09
"11563",37.8202975360609,-1.93690908282472,0.323130230816361,5.22814664128777e-10,3.67286876910615e-09
"7379",67.3030002431916,-1.53512272716759,0.254554163989385,5.86392161431149e-10,4.1119812307304e-09
"12503",58.1164250987228,-1.47355825935875,0.244210949543133,6.00559907390615e-10,4.20556397037618e-09
"15857",31.181662385098,-6.21126076620594,0.980282473043139,6.01425762054289e-10,4.20970596131339e-09
"1736",69.4751595362567,-1.41620978733088,0.234569103339236,6.09649116785352e-10,4.261433439106e-09
"7853",52.1661156238887,-1.63709644112505,0.272886726207543,6.20283809050576e-10,4.33379530157695e-09
"2899",185.029923012907,-1.26291892664468,0.208626090054332,6.21718330875841e-10,4.34184085144653e-09
"13316",45.5973175679638,-2.75588624977332,0.469856905435528,6.40236523619916e-10,4.46506771904563e-09
"329",38.4068368260089,-2.6277554531908,0.442053420478142,6.72015384319036e-10,4.68031413599953e-09
"6319",22.4655299145987,-2.82205350144702,0.476989702837677,6.89600804509451e-10,4.79625799800023e-09
"2928",31.5717293434504,-2.12908284003251,0.360119715278918,7.3389652617645e-10,5.09510153897071e-09
"11687",53.7107809903603,-1.7338790329004,0.291078436119796,7.56491228649347e-10,5.24484632678126e-09
"13642",31.5822073436851,-2.53782803943496,0.429416339419403,7.78318488105422e-10,5.38887209521728e-09
"8212",91.631817124417,-1.19713571071828,0.198594564459379,7.91811048775965e-10,5.47981818735662e-09
"7163",88.2082931972383,-1.33061122358525,0.221504679036437,8.07227016984027e-10,5.58147098764575e-09
"8190",118.385705096371,-1.05228738116093,0.174317244881567,8.56317786811667e-10,5.91290900227336e-09
"75",16.8639966654017,-8.22928928667344,2.73837829721441,9.23285605259212e-10,6.36672855797397e-09
"7700",77.6856285857485,-1.30796491378126,0.218506095598085,9.35708549981145e-10,6.4494951852474e-09
"191",67.7973759154637,-1.47556335879058,0.247568371124121,9.50942470556189e-10,6.54861325212909e-09
"3655",60.2945952536698,-1.37457004520053,0.230361327311848,9.76001932407812e-10,6.7061341911926e-09
"11105",36.7893110323934,-2.13754765044405,0.364222060988819,9.75831403438311e-10,6.7061341911926e-09
"12626",94.0569999781828,-1.15869850475264,0.193108016818362,9.86360603159634e-10,6.77427517201354e-09
"1955",43.6812395498374,-1.7537224682102,0.296636937148677,9.91062684393624e-10,6.80352338552634e-09
"2389",88.1407162573774,-1.25175419226756,0.209480902901272,1.04033021732871e-09,7.12898013598679e-09
"8837",35.5308500535173,-1.91124193027468,0.32503138791924,1.05485128116614e-09,7.22526036023752e-09
"11548",24.7377515863814,-5.12495323348035,0.841833556332898,1.11037414050132e-09,7.59106282505812e-09
"5002",66.230998991496,-1.40659383380846,0.236377285913191,1.14601051455282e-09,7.82520664209342e-09
"2514",25.2461104792535,-6.9735592994775,1.29141244010149,1.18968490968047e-09,8.10898959094953e-09
"950",35.9223493613822,-2.02685257853792,0.346124429111969,1.19317590321572e-09,8.12917312745953e-09
"14378",17.0638013442399,-8.6892425112621,2.84950605642208,1.20145986267682e-09,8.18197899380843e-09
"15762",34.5743842364799,-8.90690608863678,2.89970026661417,1.21152787808532e-09,8.24688209115488e-09
"886",70.0487761944063,-1.41032870427451,0.238006820063438,1.26881997706621e-09,8.62921316849592e-09
"15594",25.9922627898832,-9.10630549188126,2.93942923872058,1.28731941839146e-09,8.75114835462127e-09
"1675",93.5364385498129,-1.0960150070875,0.18393066630391,1.32928590823059e-09,9.02044833701101e-09
"8405",25.6220072646718,-3.61422915750622,0.615466872369903,1.34030139568256e-09,9.09117785762932e-09
"10455",54.5831416109224,-1.74004516753767,0.296465557944457,1.37511356149584e-09,9.31495248301578e-09
"10940",27.0402784685575,-6.13671977108611,0.994086797759563,1.37490678236339e-09,9.31495248301578e-09
"705",107.008010768172,-1.1649540402383,0.195886475649153,1.39705222949489e-09,9.45938762451019e-09
"5483",35.6324402559572,-1.94613553724932,0.333652020550005,1.41248110555266e-09,9.55542222332208e-09
"1442",150.435555906726,-1.02903726333788,0.172705810116391,1.43718360611777e-09,9.71396831218719e-09
"13669",19.5848057237623,-4.59101808017452,0.773083391705014,1.47240932642091e-09,9.9389248989336e-09
"8454",19.8440168395185,-8.0636279703314,2.71292092093373,1.53331009423444e-09,1.03318299410799e-08
"2054",12.7267391964637,-8.23995530195215,2.75918409459185,1.53589596530323e-09,1.03447110604247e-08
"11616",41.3922001808668,-4.97563361249849,0.820585394574414,1.53862214592271e-09,1.03585254870084e-08
"11739",19.2293958220852,-3.06175298529208,0.529796933412941,1.54912002506654e-09,1.04246265546473e-08
"11340",25.0550599702787,-3.78138576082477,0.643425308317441,1.58150285605483e-09,1.06285581780329e-08
"6470",53.2945236500082,-1.48721166706129,0.253296709660957,1.60026075524143e-09,1.07499127704331e-08
"1421",27.5605678103552,-2.41028911647894,0.418358090195764,1.64666537039475e-09,1.10519627200204e-08
"8829",58.7028150793284,-1.56512609048038,0.267415611747673,1.69624736545732e-09,1.13698223364839e-08
"5493",20.4017717302913,-4.11154278430319,0.698880125679562,1.70865512725249e-09,1.14479893525917e-08
"7679",28.4665148402865,-2.62128773855609,0.453712004282666,1.72100715623924e-09,1.15206862121198e-08
"12353",44.1591671476073,-1.88929005028228,0.325497229302081,1.74784596288351e-09,1.16952466674756e-08
"1411",37.3567793359354,-2.12118555449209,0.366285137212312,1.77619820189336e-09,1.18746008765358e-08
"2863",36.1415127872442,-2.086391055887,0.360564000752716,1.80788627183693e-09,1.2081184263412e-08
"4695",44.4347564572815,-1.74994867182344,0.30187432472506,1.92819637330606e-09,1.2841353359782e-08
"14871",22.0454858745005,-8.01687769919,2.71381641944837,1.94379050832027e-09,1.29274285952137e-08
"14277",24.4116723218583,-5.09381744197295,0.853725936227656,2.02943573187009e-09,1.34678340977867e-08
"749",67.9960260089364,-1.43535667351612,0.245985513280783,2.05639329574663e-09,1.36408311010119e-08
"8020",54.0391700816968,-1.74416582077563,0.301472453596691,2.07009458682334e-09,1.37257827336346e-08
"14266",25.1785523264811,-9.14775175165417,2.96553306523609,2.08610033612768e-09,1.38259341067849e-08
"1361",101.748572233271,-1.10236949555207,0.187370711938731,2.12120514402227e-09,1.40525261333047e-08
"15962",44.730932183822,-5.47201823469016,0.933406000719265,2.14330965043733e-09,1.417448274425e-08
"9840",35.0556540374769,-1.97590067427685,0.343809239847629,2.25982418827295e-09,1.49193126164681e-08
"10963",25.9987583381489,-4.60858589873285,0.788579925002221,2.29671251958283e-09,1.51498109148578e-08
"14999",32.1066315970514,-2.72227066394902,0.475703738255577,2.42385717098287e-09,1.59542001606136e-08
"14632",24.7492901626695,-4.27870369448402,0.740939623113101,2.42596303789185e-09,1.59612139324077e-08
"14874",27.046523141889,-3.18257419608985,0.553367645344319,2.44548745647239e-09,1.60827749869935e-08
"893",75.0623110654592,-1.32664412733732,0.227826402951955,2.59364181573097e-09,1.70133588622319e-08
"2373",35.630016106359,-2.01427844213412,0.35196690103585,2.60156256242701e-09,1.70580232458622e-08
"11013",65.9976374382271,-1.59564114138082,0.276589525968776,2.61211081953329e-09,1.71198702708668e-08
"12614",18.8202053345998,-4.11726977368865,0.71056811921583,2.62154725111384e-09,1.71684972378835e-08
"13941",80.7930415830958,-1.62087513371629,0.282223778415096,2.77289204346344e-09,1.81426365129465e-08
"11808",25.3738484818948,-2.22229218633025,0.390407127604311,2.804772007527e-09,1.83434002180251e-08
"382",35.0527019251786,-1.94408359284204,0.340361602854189,2.81685807399546e-09,1.84145945587185e-08
"10913",23.7574367345463,-8.48828212876065,2.82916483178487,2.90733298941331e-09,1.89817915134333e-08
"15888",44.0080874097286,-1.81030912900319,0.316530993611184,2.94406709048005e-09,1.92134501783222e-08
"10416",11.8366675107076,-8.16294732343603,2.75917676680458,3.02866021772252e-09,1.97487181132667e-08
"12349",14.6318540145556,-7.98133140032363,2.71261109863605,3.07582203445791e-09,2.00477219518639e-08
"7724",53.4675619846194,-1.51796188028983,0.263630217451638,3.07715032951999e-09,2.00478630597984e-08
"13031",25.1300799743289,-5.13000176159443,0.874547409613092,3.08119354192917e-09,2.0065684428616e-08
"3096",39.399122805169,-1.86261398034018,0.32701856633641,3.16498421399244e-09,2.05938731108083e-08
"6654",24.3091299209503,-2.87085147213742,0.507695688799119,3.24419117656884e-09,2.11003074277642e-08
"7670",87.8889922871743,-1.13806819809517,0.196023878518768,3.26590401897751e-09,2.12325276962593e-08
"13437",63.0935972872349,-6.93552117770788,1.32482004620125,3.31922788607699e-09,2.1560928643556e-08
"2901",40.6016945737625,-1.93566326511776,0.340251310197542,3.34353070355333e-09,2.17001562755462e-08
"491",44.4073986543267,-1.63030182348276,0.284812001139193,3.40886823030002e-09,2.20871052607657e-08
"1772",71.946227025902,-1.25290530708337,0.216902513452705,3.55400125148836e-09,2.29886345706517e-08
"8445",55.8131519903411,-1.39212194189337,0.242204533316743,3.59859116850926e-09,2.3267250020412e-08
"9558",48.1071841632118,-1.55281848609527,0.271339115359906,3.6376048127197e-09,2.34996929017088e-08
"15552",60.6842272231029,-1.96515563631503,0.348104884054382,3.66637606752801e-09,2.36755925943107e-08
"3321",43.4887089820482,-1.66263939213543,0.292105671454336,3.95992580950148e-09,2.55389414439602e-08
"10298",43.895796021409,-1.72132927653728,0.30315336249631,4.14203402220412e-09,2.66685807816525e-08
"6323",15.8927841194684,-8.0119671048431,2.73019179614456,4.15627890630314e-09,2.67490718370005e-08
"6419",39.9346013296557,-1.80598002291797,0.318867199384867,4.16641526673482e-09,2.68030647536739e-08
"14962",35.8911130206975,-4.76960737986725,0.839603995032303,4.24148449760371e-09,2.72517155137076e-08
"11725",21.0531589483643,-8.2972338568548,2.79808316334892,4.3066458416102e-09,2.7647224748044e-08
"10737",50.1775642283593,-1.60745021209769,0.282557889140584,4.36655255778642e-09,2.80200819297854e-08
"15283",31.0441655151337,-2.14620326331934,0.3812203017106,4.41493868777931e-09,2.8318730889046e-08
"8002",49.303761862995,-1.67627621408367,0.295772674050026,4.4462872340184e-09,2.85078917808376e-08
"9741",36.7008952580011,-1.95518541678019,0.347206715025658,4.55343798420941e-09,2.91705214996764e-08
"11636",32.3729883345037,-2.18695357651428,0.388949239959674,4.57726128748903e-09,2.9310901474935e-08
"1507",21.8725644849858,-2.99037200848515,0.53328226943195,4.66273721077826e-09,2.98457976741639e-08
"7551",24.3645283751875,-2.52034589479428,0.449796039288613,4.68738540375641e-09,2.99910568181129e-08
"10640",51.6826254446223,-1.65562215982745,0.292279695132712,4.76667356779517e-09,3.04856492499714e-08
"12193",34.9456721324706,-1.93468180216724,0.343908285740125,4.82966263762136e-09,3.08627712823926e-08
"12427",26.0257551610075,-4.13590207296724,0.730178504318921,4.87214970998707e-09,3.1121312656258e-08
"8202",43.8437396509602,-1.73970374680126,0.308437458431081,5.18274075367832e-09,3.30639465212834e-08
"10687",48.5005596955062,-1.61904652112193,0.286926637236221,5.31477880783933e-09,3.3892207501529e-08
"98",44.5972757600941,-1.62540195830338,0.28772387960972,5.32552948111597e-09,3.39466551012722e-08
"6942",33.2431419590463,-2.04172667673617,0.364503152094877,5.53794878941542e-09,3.52421187374537e-08
"655",87.2834255222821,-1.14887447221774,0.201325949427563,5.55970893846185e-09,3.53659263029934e-08
"3922",26.4681053325141,-2.23213630356802,0.399774242177545,5.59965736116086e-09,3.56052809333987e-08
"8416",45.8469211859052,-1.65596487799196,0.294047491668707,5.60795699767593e-09,3.56432826078467e-08
"2366",14.5689189759855,-7.83707612575143,2.70659421696827,5.65530940608414e-09,3.58996326924075e-08
"6119",35.8507025649172,-2.3501434511212,0.421344498807469,5.65474312576866e-09,3.58996326924075e-08
"10755",20.9351395491897,-3.07512486010038,0.551523716992421,5.76918000644009e-09,3.65770780325662e-08
"16265",25.0067814164983,-2.44191427493624,0.441459045536632,5.78783692233648e-09,3.66802073107842e-08
"2947",23.7556503901458,-2.56291461474383,0.46046752905428,5.83119766821439e-09,3.69397464175943e-08
"9990",36.5785477095354,-2.10054921289723,0.376107803704241,5.91663506309347e-09,3.74500543618165e-08
"12201",22.99871452905,-4.91482795371161,0.85166048652284,6.1819111327935e-09,3.90968930381083e-08
"818",57.3906589829073,-1.50055268762997,0.266594320772334,6.34242711916468e-09,4.00790194766655e-08
"6269",32.4344964492755,-2.0551922535094,0.369028978579053,6.52757867276552e-09,4.12150780149141e-08
"8176",53.5600619811285,-1.42783116560657,0.253268334428616,6.64771824220639e-09,4.19391204729328e-08
"9069",43.2441761901087,-1.75318212627796,0.313767662983591,6.70047557648584e-09,4.22545814919944e-08
"9536",86.6664731900797,-1.13691578141916,0.200133658804945,6.81195855672807e-09,4.2922332704673e-08
"11230",90.9019234958047,-1.92643680856684,0.348195100339767,6.94357479169444e-09,4.37157439593631e-08
"8636",71.487153178476,-1.46197907278388,0.259333645633751,6.96698226364722e-09,4.38451225886544e-08
"4289",47.5121781909309,-6.68551121072996,1.30374962832259,6.97486749375583e-09,4.387674946974e-08
"6351",47.2931733534368,-1.52208690651136,0.271172934361978,6.99663287974125e-09,4.39956304401106e-08
"7911",26.2768405277379,-3.22794439633771,0.579708411557458,7.49157517879374e-09,4.70500360082818e-08
"11576",34.1215149404667,-1.88644210660752,0.339962865518972,7.73795390352453e-09,4.85179512634968e-08
"388",70.028948456014,-1.25554342395031,0.222676784596703,7.76506515697818e-09,4.86481807690961e-08
"2818",42.8918046456545,-1.67136659823938,0.299915579438589,7.80658440203054e-09,4.88883365225937e-08
"6580",54.0789245490798,-1.46430468229255,0.261371683762749,7.99221344987495e-09,5.00100044704043e-08
"16244",20.9280969578899,-7.62694469728421,2.6613135452714,8.11314942123784e-09,5.07253673879593e-08
"6590",12.6840011179734,-7.83954204719187,2.71221376627609,8.28942376477645e-09,5.17852723220542e-08
"364",73.4240216017072,-1.21429141110599,0.215497155209083,8.53057251194431e-09,5.32700749087348e-08
"4441",55.3592509737525,-1.42498917775146,0.254719078957023,8.56777476744811e-09,5.34806217481515e-08
"6421",109.544109507816,-1.04241779214419,0.184522361683712,8.88481975699915e-09,5.5347052184993e-08
"268",37.0177327568767,-1.72971893406449,0.312485466399867,8.90765522417858e-09,5.54442815840049e-08
"14820",24.8775237867771,-5.8068617329606,0.99512334276238,8.90739798969576e-09,5.54442815840049e-08
"16186",13.0319528815622,-7.90367744506094,2.72570340295613,8.977562267258e-09,5.58567469045172e-08
"1057",34.5104561811047,-1.924247381942,0.348872350074559,9.22456140131678e-09,5.73702657399284e-08
"1901",19.3158499824777,-7.65969667335012,2.67018438885949,9.35348473219743e-09,5.81485073930734e-08
"2578",31.4021057353684,-2.21721382268863,0.403900966271082,9.46538271520531e-09,5.88026537348809e-08
"7171",41.4141986281951,-2.01586748646822,0.366412061983436,9.64687679094168e-09,5.98508093685408e-08
"11589",31.892608689782,-2.01179447075554,0.365848992090265,9.65071383548003e-09,5.98508093685408e-08
"14100",122.50736822986,-1.02617596266679,0.181974213212932,9.70618098899085e-09,6.01704787531663e-08
"2416",54.9761680666618,-1.63634965791434,0.295842281255491,9.84773564597083e-09,6.1023347340925e-08
"6414",117.109831205787,-1.0316355687356,0.183102801073291,1.01583523312367e-08,6.28719644284648e-08
"15640",25.0761393830463,-8.11571156621346,2.78232143284177,1.01933070603869e-08,6.30628670272243e-08
"8734",19.9381454807224,-3.2684609510459,0.595344243298491,1.05759733462935e-08,6.54039335155912e-08
"8708",42.2942345618684,-1.65123949716552,0.299050285383579,1.08062479167968e-08,6.6801072436508e-08
"5402",18.1864467773491,-3.05465475365899,0.560509019623663,1.12581526578453e-08,6.95385814127702e-08
"8747",59.4240752295782,-1.40429182955383,0.253422648952574,1.1277611026943e-08,6.96307388275198e-08
"8924",30.9036529784254,-2.82357591687807,0.518480020943677,1.14382807032694e-08,7.0594344662213e-08
"4909",43.5684201213737,-1.61315614937324,0.292855465646781,1.1589576591912e-08,7.1467532371556e-08
"14136",34.3072371596694,-4.67945184972373,0.853169646979832,1.16740465157678e-08,7.18759613528994e-08
"16230",17.6003212845546,-8.1240319769591,2.78828761522848,1.18349436695943e-08,7.28081558631055e-08
"15894",24.2798053108096,-3.87155298720351,0.699128141529212,1.21432797241785e-08,7.46451685929772e-08
"7635",41.531319025301,-1.60249888160543,0.291170254386214,1.21664129093492e-08,7.47574182091088e-08
"3275",45.8694491090602,-1.55849151718216,0.282948113225878,1.22462231243347e-08,7.52176947144382e-08
"7325",32.8696458679483,-1.9237579884447,0.351937242827134,1.23036096780847e-08,7.55399292880565e-08
"5117",38.8878762917895,-1.72735851120912,0.314837644613342,1.24256127843304e-08,7.62584707799927e-08
"12729",22.7502369670712,-2.65603346927335,0.490394049880698,1.24565025261111e-08,7.64174803111249e-08
"9300",11.4335771873683,-7.7108464956587,2.6946639838445,1.3406866110879e-08,8.20508762422086e-08
"6755",33.7199338828002,-1.80423591203245,0.330397759331395,1.35685512452956e-08,8.30072893766232e-08
"15687",27.7419168293933,-6.70130448937084,1.33773966943454,1.3712847446862e-08,8.38566035780009e-08
"15743",33.3702701926361,-5.90348446728,1.0360336009653,1.37869775551783e-08,8.42763333183667e-08
"5257",41.1807049917985,-1.83216583403371,0.33567870998043,1.40204549941597e-08,8.56693910694516e-08
"6094",78.7400779771073,-1.12559818999473,0.202654938500115,1.41532452841314e-08,8.63775824957947e-08
"407",57.1642709606438,-1.36639973920655,0.248077846067783,1.48524971520455e-08,9.05370932871808e-08
"1295",49.1200613719872,-1.53258841504755,0.280204399935416,1.53801414564242e-08,9.36790434164018e-08
"11418",24.956384183148,-4.72181863727191,0.841677460113794,1.61225580299616e-08,9.8084221987986e-08
"9136",41.5561253339081,-1.67226490536034,0.307205467837209,1.6276584994793e-08,9.8942806487761e-08
"9154",62.6163677229191,-1.30631214159537,0.237291826450211,1.63249603669697e-08,9.91975710536304e-08
"14185",17.2205143550263,-3.15248804589018,0.591160380606214,1.64519764126443e-08,9.99297997225662e-08
"317",76.9495400888484,-1.18360416306588,0.214368848348153,1.64597193060913e-08,9.99372668434347e-08
"8351",53.6794819813253,-1.41009319849367,0.257428089915509,1.71712454372373e-08,1.04133762349222e-07
"2684",74.2544054392223,-1.23051721496439,0.223589708635548,1.72528483859274e-08,1.04587298611333e-07
"1358",32.4774420040108,-1.97034195968622,0.364819475134299,1.76392722256916e-08,1.06845382455107e-07
"15620",32.5643262420315,-1.85372539394572,0.343002483176786,1.78456382296361e-08,1.08052733763736e-07
"1203",27.7706756162484,-2.08502547683725,0.388580559684185,1.78973290758797e-08,1.08322966473855e-07
"3740",13.359877341676,-7.56226802960862,2.67030471679665,1.79836823788951e-08,1.08802696663797e-07
"1592",46.5590547936804,-1.45309462890784,0.266311980881956,1.8149716423205e-08,1.09763933417909e-07
"15372",25.4723497476289,-5.10462129375139,0.932175039638219,1.82118205812079e-08,1.10096124183401e-07
"132",42.9339584056534,-1.64197975157147,0.302579798690683,1.83794091615024e-08,1.11051918547607e-07
"16247",13.0881292221581,-8.23537806221596,2.82861885110729,1.83844015584254e-08,1.11051918547607e-07
"5787",33.4478034144883,-2.01678908296499,0.375515586423376,1.85740366441397e-08,1.12021007952451e-07
"12126",21.296818598587,-7.51684158731976,2.65908553710532,1.86592072427196e-08,1.12446275225863e-07
"8659",21.058395778626,-2.83400760713185,0.528010866743,1.88408722627693e-08,1.13496467659077e-07
"7330",13.4168672226425,-7.60092958199197,2.67988624349026,1.90086233830577e-08,1.14417147338664e-07
"8920",12.8134627195776,-7.60050095759057,2.67959315495037,1.90995842951131e-08,1.14919577192126e-07
"2012",19.0295300767065,-3.24600701366071,0.604647316363799,1.96254636970348e-08,1.18037432184871e-07
"2105",49.6475639350118,-1.48351358820891,0.272806274562759,1.99359142582156e-08,1.19763795013235e-07
"12304",17.799825454289,-4.75728277816973,0.857413795555517,1.992926110963e-08,1.19763795013235e-07
"13865",28.4108976570848,-2.20212827915168,0.411044109332442,2.07371361797498e-08,1.24430927026164e-07
"11016",14.5677308203709,-4.34913144702139,0.80135295215987,2.12858193546233e-08,1.27573564983588e-07
"8283",22.3432303178141,-2.9143964282846,0.544765889552028,2.15029983089772e-08,1.28774591356221e-07
"2414",44.9249807628481,-1.6025413777152,0.297275749858734,2.24383288257015e-08,1.34114249775122e-07
"14605",28.714429191445,-7.7916457513712,2.73208646015364,2.32407519688016e-08,1.38856252903942e-07
"94",41.374098097587,-1.64453631051638,0.306047242301388,2.46225512840082e-08,1.46997589241455e-07
"7154",49.5128922293817,-1.48916753909317,0.276003560968252,2.53575991584743e-08,1.51268135259903e-07
"1937",37.7438699292702,-1.96042418624842,0.367361154878385,2.53942864445655e-08,1.51428113843362e-07
"1473",87.6679178533592,-1.03508974601465,0.189343423951682,2.57910584233432e-08,1.53734347082111e-07
"11031",66.3753509315729,-1.38490726644004,0.256328472355793,2.59218149489991e-08,1.54453750199027e-07
"736",28.1751430425493,-2.1526424106742,0.405375296786736,2.64324174334702e-08,1.57435008028623e-07
"6704",17.7815095150048,-5.65499804374507,1.00801797619227,2.65281174248372e-08,1.57882430430286e-07
"4958",56.7641391391657,-1.4221343645227,0.263521088127277,2.67527060746144e-08,1.59157335906479e-07
"11951",21.9896176528221,-2.59462679316648,0.490338720759969,2.67652312923755e-08,1.59170133224386e-07
"14663",14.9706293455342,-7.68701260507835,2.71167570043957,2.68373618392294e-08,1.59537250174079e-07
"466",52.3787399237262,-1.49627114159956,0.278136668929258,2.7577425308843e-08,1.63873135752741e-07
"7981",21.2961991796003,-2.44347210682125,0.462796317506345,2.80264387046007e-08,1.66348026709744e-07
"12881",14.9743375065943,-3.38839418703626,0.643968707464136,2.90468850819957e-08,1.72138415532275e-07
"12279",30.1341090357494,-2.09084363469913,0.39587652979138,3.05724997113493e-08,1.80621433604633e-07
"8705",63.2402973837285,-1.30848742548939,0.242284145796604,3.07792295391429e-08,1.81772794002721e-07
"821",45.0078604417889,-1.51063098129948,0.282333749011209,3.09028880045469e-08,1.82362696405293e-07
"12991",14.7911270473712,-7.36198137393733,2.63787693734039,3.16975371676969e-08,1.86836462836717e-07
"1615",22.7835126621194,-2.44674415147334,0.469226785179253,3.20244041491771e-08,1.88690642419672e-07
"9491",27.6349762014493,-2.07553595863552,0.393172698387358,3.23663627647687e-08,1.9063228556616e-07
"2973",41.3286115354818,-1.53389881504557,0.287323133559369,3.23837157533021e-08,1.90661301152308e-07
"8583",93.419034190145,-1.16287003776665,0.215221145152994,3.26499276347346e-08,1.92154905907071e-07
"7737",72.7556885684322,-1.16258185007347,0.21528868745749,3.26927416102795e-08,1.92333103729493e-07
"13188",11.4138296352297,-7.48318452999399,2.67571719993335,3.30101673779194e-08,1.94126101218635e-07
"1107",23.8355615640043,-6.26584638435547,1.28350501673245,3.32762886531091e-08,1.95541209040465e-07
"2425",47.9643063384498,-1.66495135318039,0.313925593640605,3.45275232700851e-08,2.02506035754173e-07
"7166",19.2704899698839,-2.49612670615679,0.477663463788411,3.67840017043432e-08,2.15082674599748e-07
"6394",24.4787618685154,-2.53432595123198,0.483632245296817,3.6936166921238e-08,2.15890136789545e-07
"10257",63.6977857684053,-1.2855252355714,0.239580054628701,3.73701452680856e-08,2.18094385259885e-07
"14586",18.0585152639358,-6.33346148659201,1.30543210387847,3.74820484867427e-08,2.18664285145282e-07
"13162",12.1313187893446,-7.44794912401594,2.66365202396924,3.78294546783501e-08,2.20523299061522e-07
"15333",15.0743893375245,-4.29036030339976,0.8247874344772,3.78784262378819e-08,2.20724912179196e-07
"1035",80.749000794279,-1.06681117124817,0.197891047414173,3.81019798444927e-08,2.21943309321963e-07
"10108",69.313010437486,-1.19534028790072,0.222842177120752,3.90966583755792e-08,2.27650865068885e-07
"15464",32.1897086151434,-3.20346713110872,0.625017873006744,3.92863002815888e-08,2.28668325197427e-07
"15371",19.5600604674578,-6.2620615361678,1.29152029909253,3.96049948529503e-08,2.30261248968858e-07
"3295",97.388502857762,-1.00368822729608,0.185976897835675,4.06000876362963e-08,2.35778631568393e-07
"11728",115.599590747025,-1.04181046654173,0.193507872917712,4.09668831661232e-08,2.37696006813368e-07
"4527",46.7720790761879,-1.57284230770354,0.297596418471777,4.10478320271889e-08,2.37928555645319e-07
"14080",18.5778253276871,-4.37679239740783,0.829935482595744,4.1338069729344e-08,2.39520394205939e-07
"12575",26.0796631658507,-2.55852579732603,0.489259207464021,4.15474505849825e-08,2.40642708314604e-07
"13312",22.9356501933596,-2.70939880475439,0.520056182931206,4.2298288966616e-08,2.44899112307468e-07
"8617",50.231080282236,-1.50819872412512,0.285326133921773,4.28062664531443e-08,2.4774671678257e-07
"11550",86.2838863065589,-1.25255136721229,0.234759245948559,4.31564393968989e-08,2.49679204248348e-07
"3942",19.3754731205049,-2.76606404440782,0.532967846204945,4.35169906803849e-08,2.51670255563191e-07
"13602",24.3671843989849,-2.91848371192743,0.557621194254725,4.44946457736575e-08,2.57130452017035e-07
"3955",27.951398774201,-2.06803236569853,0.396298377588187,4.5581374432775e-08,2.63311380994754e-07
"4733",28.8587033607713,-1.98301265898196,0.379746575305951,4.69181907665443e-08,2.70829872434571e-07
"4999",24.5033414037196,-2.29355365022855,0.443169783862885,4.85776148829709e-08,2.80197874116324e-07
"2893",49.0217003368417,-1.46972410528893,0.278710010890994,4.88795876823248e-08,2.8183371432165e-07
"1011",36.6486174185744,-1.67456070374275,0.320280879379099,5.18696283260167e-08,2.9840109014101e-07
"6592",24.0036561248516,-2.49720841958522,0.483598493562296,5.30192052974706e-08,3.04671785347974e-07
"3378",22.635678666983,-2.25987176477826,0.437503857173647,5.4191409081845e-08,3.1105828265722e-07
"8003",22.5446035065418,-5.47251488065236,0.999919866987083,5.74067704927624e-08,3.28531174811807e-07
"1263",29.1409170114583,-1.99063826493557,0.384728201585267,5.78061668741404e-08,3.30693519146136e-07
"15515",23.7497638905001,-8.72776549958134,2.98783937343064,5.86744537375098e-08,3.35535648041227e-07
"15602",15.8006836341366,-8.23520532805704,2.87101536311993,5.89207440007559e-08,3.36693100634487e-07
"11178",17.3175886333527,-3.75024121762674,0.7189199425529,5.9779098080504e-08,3.41089885403188e-07
"4212",74.3299752136855,-1.20293044118265,0.227343705965666,6.00598318071619e-08,3.42564312051035e-07
"6706",55.8996999449258,-1.28865511506763,0.244701480762775,6.10189417108746e-08,3.47647093453379e-07
"12988",16.3176234783357,-8.15062653812323,2.85263952074812,6.23962583305458e-08,3.55230349374977e-07
"12992",10.8917694135237,-7.95423265317103,2.80533757229068,6.28369004202625e-08,3.57606291968875e-07
"3741",51.3899805130724,-1.62303446037332,0.312412457861914,6.41072598820226e-08,3.64565488647099e-07
"11443",37.3682584941332,-1.74844956607218,0.337287775975176,6.52472012112934e-08,3.70773262290694e-07
"12017",15.8352351861496,-3.84332845866009,0.742950940672051,6.52989750155702e-08,3.70930090212474e-07
"12133",26.7416318377717,-2.21610728617252,0.43258664705129,6.60162766496162e-08,3.74588658518883e-07
"7959",16.9832467469511,-4.62095084859516,0.872365034714775,6.68110610765901e-08,3.78818222504849e-07
"10152",83.8586586919299,-1.17345564013889,0.222529004137452,6.70978250583835e-08,3.80303631278455e-07
"9607",9.88633790854616,-7.97796003390761,2.81501635984786,6.76227492898563e-08,3.83137312538503e-07
"14525",24.3057755039155,-5.41173769250643,0.992969517376998,6.78722058891571e-08,3.84408731988681e-07
"8774",41.7058172441441,-1.57074666075098,0.302490384918528,6.94251641632022e-08,3.92925234024323e-07
"2229",88.3907568716497,-1.1774057730455,0.223830352658356,7.03689805515935e-08,3.9810887485365e-07
"12458",18.351525108504,-4.61961070445859,0.874655247102745,7.12619262505792e-08,4.02863572020131e-07
"12903",30.3064114968693,-7.13123558018812,2.60732040166193,7.12538572070886e-08,4.02863572020131e-07
"1169",14.1034315975506,-7.17644328066923,2.61370897856068,7.13842421571471e-08,4.03406418938161e-07
"15390",21.1533451765563,-6.41498797647564,1.35826104253101,7.28160810391109e-08,4.11195116445741e-07
"1152",33.061336144944,-1.67938458856716,0.325336378890054,7.41094183737502e-08,4.18190807689757e-07
"6457",17.9160874872947,-4.09401666710792,0.785989783111974,7.4233354050012e-08,4.1873615852549e-07
"11904",43.6342421014528,-1.55259384144784,0.299685838566231,7.64991552726213e-08,4.31358522362304e-07
"2168",40.000166613338,-1.51479821639646,0.292696483954833,7.84805612188075e-08,4.42043777819443e-07
"6862",61.1063184101093,-1.27947061773558,0.244374813693468,7.89436827775556e-08,4.44326091289815e-07
"2661",74.3783322534516,-1.1223528022351,0.213903463432749,7.97896577607218e-08,4.48922889263937e-07
"7795",9.39612905237687,-7.42387091133489,2.68617554015945,7.99405011440337e-08,4.49606711529659e-07
"3102",17.0371125424017,-2.89895251275298,0.570768255554915,8.10580246225381e-08,4.55724907212753e-07
"14664",12.7444665635427,-7.42159855408088,2.68442815381995,8.15442219439752e-08,4.58290475196487e-07
"3185",33.9442223917053,-1.67826321483922,0.326156864895954,8.25974246548473e-08,4.64039650852919e-07
"2428",21.7238541890872,-2.1393007112839,0.421539635802233,8.3221277287456e-08,4.67202362759399e-07
"6155",46.5292101724777,-1.65748215285684,0.321731923971893,8.33594277290668e-08,4.67806766513194e-07
"2247",8.53259292181391,-7.37299109098124,2.67418208807453,8.58114939013995e-08,4.81039733624104e-07
"384",72.1311855344662,-1.23450946240032,0.237032277475096,8.70321963851812e-08,4.87704524885988e-07
"1882",29.4951145923703,-1.85082291079764,0.361729500782768,8.74781480890123e-08,4.89967904821621e-07
"12075",19.8266416914976,-2.75542576555427,0.543863042698399,8.87595664369123e-08,4.96658653479776e-07
"5197",74.1884936083244,-1.23663454934332,0.236947804511498,8.90130491917191e-08,4.9789544795791e-07
"3639",61.4882500511868,-1.19532380385102,0.229270147649916,9.05175518525543e-08,5.05942002941253e-07
"2391",29.5865736822168,-1.87166387555752,0.366932675595501,9.18986447906131e-08,5.1310076674759e-07
"9571",10.3082933213578,-7.27535716768076,2.65266384826746,9.33891421482836e-08,5.21233033096077e-07
"12303",25.72500780645,-2.17760455715963,0.431288778162105,9.59262264564801e-08,5.34809626643087e-07
"15612",23.0385312584328,-4.16086302108115,0.838889929069686,9.6422532493425e-08,5.37186244025643e-07
"11439",24.7899655639879,-2.24607055249166,0.444085309777873,9.75075012196121e-08,5.43033608425593e-07
"8649",69.3154035318648,-1.22478331747314,0.235176981904141,9.77415458459972e-08,5.44139527545405e-07
"7822",20.6358013282467,-6.08459259651469,1.29714848924219,9.92478575869111e-08,5.52124684175481e-07
"10423",97.3847780986608,-1.0133682102204,0.194139817194167,1.02365515622223e-07,5.69055835576727e-07
"2063",16.059060771845,-4.10999050910633,0.801879545549667,1.03548803998779e-07,5.75425316824799e-07
"15787",28.3213111921709,-7.00325242120246,1.51900529071425,1.07723343303828e-07,5.98190103623105e-07
"5104",29.631729658544,-2.40497061864903,0.481337155515014,1.07806384702907e-07,5.98434645621096e-07
"12657",34.0506393765976,-1.90603471250543,0.375889114599155,1.09418838506365e-07,6.06946218077786e-07
"6881",17.9125510276365,-6.05818134927252,1.2968207074281,1.09776765456141e-07,6.08675784701294e-07
"3355",65.2984853603006,-1.32888542727055,0.257856162701398,1.11111812442807e-07,6.15225022847343e-07
"2923",9.14239806631728,-7.22056165022126,2.6471611060464,1.11480157068768e-07,6.16819347243457e-07
"14263",12.3735971606037,-7.81952389337024,2.7982490403789,1.15405713088357e-07,6.38079227356637e-07
"204",28.5523822039738,-2.01173475630109,0.39876980746482,1.16395097382672e-07,6.43317715829371e-07
"4531",8.58631055163241,-7.26515580108065,2.65677472104091,1.16710426024834e-07,6.44828255851287e-07
"11930",40.5116591794737,-1.81248458897058,0.357968574106785,1.18163781212525e-07,6.52153559404235e-07
"15389",19.4067788240607,-3.44591082657629,0.682353346465525,1.1832935398606e-07,6.52832534415003e-07
"5116",46.7913264185993,-1.52121369396959,0.298579226477921,1.20252035435654e-07,6.63201646185925e-07
"14000",11.5502904914218,-7.27295768901047,2.6668717694921,1.20852930990731e-07,6.66276148110237e-07
"15597",22.6925433180427,-2.79958382734554,0.558097953954404,1.21598290922568e-07,6.69903977603217e-07
"9827",66.1631070879973,-1.16948240602997,0.226710665879537,1.24483589811324e-07,6.85307398089396e-07
"7749",21.9508797164525,-2.45595276407748,0.493238796072021,1.28303070424197e-07,7.05827898715831e-07
"15441",19.4089563361956,-7.72680999982251,2.77859517557277,1.29951665328454e-07,7.14384952036715e-07
"1461",9.80822810777641,-7.38035321685249,2.69199973841664,1.3026641253137e-07,7.15858727603443e-07
"3085",41.4756531050163,-2.80096120887385,0.55705820351143,1.33202981073358e-07,7.3147220422639e-07
"11406",31.895643432096,-1.7178000692807,0.34031233224136,1.34209307418107e-07,7.36471174433484e-07
"13477",14.8825226025099,-3.45811696725188,0.690138747968155,1.3739509082902e-07,7.52876028067732e-07
"2916",66.2795316895302,-1.16509895667716,0.22746716992013,1.43573725086308e-07,7.8561043651898e-07
"7559",34.376263695696,-1.72492289286737,0.34318133454084,1.43773052795011e-07,7.86420659192105e-07
"13748",28.2447873067657,-3.98273356242588,0.802958984969014,1.44866490019174e-07,7.92119228925225e-07
"2019",20.3313290185848,-2.33501119974126,0.469920636595267,1.47940253837499e-07,8.08062411758188e-07
"6214",28.0613704959325,-2.00968407752016,0.402228711271482,1.47902750742561e-07,8.08062411758188e-07
"3528",21.5075803182991,-2.2790430050277,0.458130570098985,1.52855398463478e-07,8.34315325017836e-07
"4977",84.5077357282206,-1.12674167146317,0.220014105212404,1.55510328673657e-07,8.48202976480595e-07
"6109",30.9391817678114,-1.89950420254272,0.380804117959568,1.5640360531824e-07,8.52166376561705e-07
"4030",34.7879414661363,-1.63736845704637,0.326025090835686,1.58685721476478e-07,8.63374122203405e-07
"13769",16.1799100379036,-3.15503409898834,0.63869072785265,1.61410216086462e-07,8.77575104682702e-07
"2059",45.6777081348273,-1.54134709346732,0.305966130797837,1.63735544627718e-07,8.89587273804206e-07
"2090",36.8145504965084,-1.60619800975752,0.319489297563247,1.64222590703706e-07,8.91917596165297e-07
"3884",19.9699231259609,-3.10711760859854,0.622465774782602,1.64611516762333e-07,8.93713553320762e-07
"10429",20.8869380981233,-2.21436755116081,0.447002444390345,1.6794355204848e-07,9.10572433499446e-07
"4113",24.0128751095024,-2.33219963176758,0.472100571575256,1.68478922676565e-07,9.13095058504605e-07
"16105",13.9725278876368,-7.22298595237268,2.65825583047715,1.69604972466203e-07,9.18548920772661e-07
"4759",33.6212055386007,-1.66224691290656,0.331945746026921,1.71284069541993e-07,9.26988176008039e-07
"2023",43.3100682534299,-1.50538406423565,0.299144008693584,1.73165996448906e-07,9.36842695174741e-07
"12153",66.9618404767164,-1.21000881928976,0.237912534907696,1.73334907022054e-07,9.37425970546133e-07
"14884",19.3095149628767,-4.52629005112476,0.889730071707807,1.73603473508057e-07,9.38547601844297e-07
"11430",8.65914870853649,-7.12737593988307,2.64120998757895,1.74807989797731e-07,9.44726659903696e-07
"5394",18.3570802593229,-4.44849320717803,0.871879197059113,1.79132553885164e-07,9.67416675205938e-07
"446",29.5908997607156,-1.77716260702132,0.356783427542327,1.82232255388715e-07,9.83118668927234e-07
"13415",12.2746215649428,-6.04956076241604,1.32355910179723,1.83069873858541e-07,9.8694345559086e-07
"10507",51.187816832893,-1.29764154878777,0.256781295745243,1.87051581134446e-07,1.00805493830201e-06
"14816",83.4214645453369,-1.24484064956957,0.245856582108902,1.87928749802949e-07,1.01207118575874e-06
"1840",45.3321410217816,-1.46778650563001,0.29297090773618,1.89034300158879e-07,1.01766781310094e-06
"1844",61.0743398424994,-1.25301566957473,0.247786088877002,1.92016198228256e-07,1.0333583056528e-06
"5699",14.7787893610104,-4.44159993001355,0.87410772946899,1.95768946604356e-07,1.05281561435353e-06
"981",28.0987375389592,-2.02665571182777,0.410178500774705,1.96914635080175e-07,1.05860590260516e-06
"1938",44.9057869547103,-1.45397045113545,0.290015261666265,1.98588640857524e-07,1.06723135435271e-06
"8464",64.1161058890957,-1.19365788993636,0.235767350833198,1.9968769601497e-07,1.07238653131176e-06
"6971",16.4045863747272,-2.82429111595355,0.576337181031207,2.01299446094522e-07,1.08066389133249e-06
"10907",18.8875235174339,-2.30404733361538,0.469585845279326,2.05927639702448e-07,1.10512339137974e-06
"10465",74.7451563679372,-1.12564624489985,0.222256986194633,2.08938979441131e-07,1.12089187467317e-06
"9879",43.6761273993947,-1.55010605918895,0.311002057966396,2.11728226394314e-07,1.13545829345262e-06
"2468",30.386998422343,-1.77617403335678,0.359026799022823,2.15865069878408e-07,1.15643078461746e-06
"10680",17.1544015446381,-4.37701839423285,0.863089493723297,2.19072922426471e-07,1.17320622994392e-06
"6263",53.584641621392,-1.26648546078209,0.251774878829506,2.19902084004072e-07,1.17704708685712e-06
"14869",26.6008879647581,-3.19630922989206,0.671687394656651,2.23024976547017e-07,1.19270554728508e-06
"6859",47.9697681171494,-1.49416270568206,0.299988985376144,2.26951711497417e-07,1.21285966893238e-06
"6514",19.1148354979357,-2.50868024231429,0.513499506103421,2.27919501454517e-07,1.21760755947655e-06
"9185",19.8973695706322,-2.23809256220228,0.458195867458165,2.28739702275739e-07,1.22156395823762e-06
"2588",24.6737614201135,-2.03156574758133,0.414695203609233,2.35114122138597e-07,1.25386026276416e-06
"4184",88.4876191623164,-1.07190087884162,0.212708257843021,2.43099619610975e-07,1.29509634155944e-06
"6127",78.66016245571,-1.28806707886638,0.257581907709853,2.44006760557945e-07,1.29947786436673e-06
"4837",55.2169522789107,-1.24242960543895,0.248006492840732,2.47860275615512e-07,1.31908435961457e-06
"10187",48.3771289664577,-1.26891719372664,0.253769533557158,2.54173705375825e-07,1.35127760276552e-06
"2857",72.3001245733389,-1.28850866745569,0.258460753408131,2.64207480702386e-07,1.40219141349592e-06
"2457",8.65507668715922,-7.02242090351985,2.62780356221398,2.65795326499635e-07,1.41013059975238e-06
"11018",21.7105257323423,-2.2100705230626,0.454926674962937,2.68118677194926e-07,1.4214736918458e-06
"8173",16.4427458208161,-6.98008672958028,2.62595029445738,2.70305192002862e-07,1.43207616053174e-06
"14651",10.6282654783797,-7.59326763707363,2.77932717337387,2.77904567377327e-07,1.47132152424787e-06
"2308",31.4341396234827,-1.86479542218601,0.382207428636656,2.78303693284095e-07,1.47292637670158e-06
"12271",27.8145117166342,-1.92853057741849,0.394740150887066,2.81164337618298e-07,1.48704047986127e-06
"14068",14.2664800720432,-7.90844109433504,2.85955500422089,2.8277167381689e-07,1.49451112344903e-06
"3587",46.6367883253396,-1.50458155259026,0.304572806144597,2.8411053849385e-07,1.50038215138789e-06
"8820",81.2304338739686,-1.05488950999692,0.210437701715368,2.84879534178839e-07,1.50357987372065e-06
"208",28.8436235716753,-1.97824740192097,0.40672303349161,2.89628017340715e-07,1.52706620964213e-06
"2464",11.5507158069711,-4.09687329771081,0.840906183334625,3.00447537506009e-07,1.58356804120739e-06
"11395",35.9429695115563,-1.70356502896718,0.34889224023822,3.0825260418151e-07,1.62247674303839e-06
"2274",16.2968239732148,-4.29900503888725,0.859337014876418,3.12842894151375e-07,1.64494466242788e-06
"15803",17.9575626939446,-5.22792094413507,1.02725481989113,3.13376780023638e-07,1.6466232657201e-06
"4881",83.6412262721216,-1.07073041995044,0.214178373994185,3.18564508831844e-07,1.67330888702738e-06
"9146",19.4557400801772,-2.34611666048262,0.48686159421368,3.23883574447375e-07,1.70002288271097e-06
"15943",15.0796641564111,-7.11988624410791,2.66075714605787,3.24774101470459e-07,1.70359283379872e-06
"12522",17.5170727988946,-5.18726142251243,1.0194160286091,3.30945264955062e-07,1.73537019829307e-06
"443",75.2244174323272,-1.0461295398657,0.209605131418889,3.31880652795174e-07,1.73968051104761e-06
"8967",35.6944247528234,-1.80110752198968,0.371219916297812,3.34433724522694e-07,1.75186638284455e-06
"2618",45.6617359309163,-1.41872542973488,0.288487381305695,3.34649120131481e-07,1.75239639937792e-06
"7592",28.7147365264471,-2.14169170437252,0.444375261511356,3.54380857225585e-07,1.85382389785617e-06
"1573",16.6767545696953,-3.04557649046263,0.636504187395984,3.60122647469074e-07,1.88257641571312e-06
"12377",26.1524255861699,-1.98310552222199,0.41090493896451,3.61509317389765e-07,1.88918169506511e-06
"3396",51.1040644389101,-1.34377145838875,0.273387970820165,3.62593378139163e-07,1.89420163458944e-06
"13862",18.4396142798178,-2.81703916849521,0.587691471149704,3.66614154990677e-07,1.91325203402108e-06
"13970",20.346256486427,-6.10738948480346,1.38115379123039,3.70287803444128e-07,1.9311100503886e-06
"14429",19.4595466913287,-3.76268765793702,0.785694044392462,3.70899703397581e-07,1.93364395148797e-06
"5838",58.8585855124547,-1.21832753636249,0.246732808715413,3.72082020150471e-07,1.9384904703459e-06
"11348",130.797293684703,-1.04115824105179,0.209445767084002,3.76259477820316e-07,1.95958899124138e-06
"10824",16.0758136097222,-6.04478921811219,1.36650290991874,3.76926718179766e-07,1.96106701832219e-06
"15584",18.4584838906585,-3.28970820229886,0.700290688990018,3.76794816189496e-07,1.96106701832219e-06
"15490",16.2688188683005,-4.61612496306156,0.950137542564818,3.81011298187259e-07,1.98097470284213e-06
"15252",18.2033405545658,-4.5177900411714,0.92595720153451,3.8947399196687e-07,2.02291789395657e-06
"14105",10.6526061886118,-6.80837456216933,2.5979637419042,3.9344248037915e-07,2.04145687401329e-06
"4490",8.29978309267727,-6.97765495753511,2.63593061543441,4.01840314744875e-07,2.08291755038197e-06
"6718",43.3839465449084,-1.37296992937181,0.280848047148161,4.0217403996516e-07,2.08394336210248e-06
"2091",40.641380064666,-1.68534717206125,0.3488367439102,4.04186977582663e-07,2.09366671068562e-06
"12943",9.29846390628654,-6.85650147481161,2.60183020475278,4.0459899091412e-07,2.09509359351851e-06
"1121",51.5089795479375,-1.28907754969336,0.262676131539243,4.0518293652041e-07,2.09740951249415e-06
"3647",13.9025871013707,-6.69340310803797,2.55831996413067,4.07390882525576e-07,2.10741682757583e-06
"1494",54.3190774710255,-1.3409341054145,0.274352933630286,4.11205961023889e-07,2.1257186859803e-06
"1067",23.1872442074377,-2.03862461734608,0.426739485088227,4.19078983852361e-07,2.16568839651289e-06
"6560",10.2125043722614,-6.7925559304146,2.58724604115188,4.21981120772384e-07,2.17995162828642e-06
"6350",64.24111555234,-1.13193282718443,0.22936487462341,4.22495554946465e-07,2.1818745538686e-06
"2330",31.3103034219738,-1.80060685666844,0.373612251599989,4.25224961599865e-07,2.194492628936e-06
"7854",68.2993421938713,-1.09603438265543,0.222079289715351,4.26604708989168e-07,2.20087291527263e-06
"5434",42.480560552737,-1.35087489232045,0.276929406765364,4.32568809282132e-07,2.22983756929899e-06
"8410",22.5262865229794,-2.11314596971079,0.443854976507103,4.44525352424998e-07,2.28947716759206e-06
"6003",65.9458726600574,-1.10772002258738,0.225031915522793,4.45073998221788e-07,2.2915336760795e-06
"638",14.3786788622692,-5.12379807997436,1.01972196133481,4.4862120587548e-07,2.30902219448088e-06
"5298",54.823096318172,-1.35211848231599,0.277552813321707,4.53135256667907e-07,2.32845639399519e-06
"5958",17.9906841177787,-2.50943097461628,0.527906057792398,4.53155888188076e-07,2.32845639399519e-06
"11327",42.5449052533857,-1.50058574789992,0.310277811981618,4.65247016620027e-07,2.38818500368052e-06
"12040",32.9421411309241,-1.75200803186343,0.365910563302025,4.7265166544102e-07,2.42538277687678e-06
"6359",12.9232076215431,-3.35529943769331,0.715727319078501,4.8181009605891e-07,2.47072603737696e-06
"14704",12.6892949491,-6.78377760413521,2.58908737974628,4.89979669070313e-07,2.51094123665525e-06
"13683",20.1913860539546,-2.27437139647127,0.481662668329813,4.90321612551433e-07,2.51185459144462e-06
"4898",40.0594906666127,-1.71861122894012,0.358514917348148,5.00130624003309e-07,2.55954108208231e-06
"7494",57.9440539949242,-1.27537774787639,0.262250238350512,5.0661461586628e-07,2.58926983718732e-06
"8123",48.5749711261637,-1.40173872459732,0.2894794303302,5.06576583501687e-07,2.58926983718732e-06
"4494",18.2031504748399,-3.46125980007847,0.723044727284953,5.11936999679159e-07,2.61473015515224e-06
"13239",14.2562725434392,-5.85471395026117,1.34032268815257,5.34437486324433e-07,2.72421074839727e-06
"14611",10.9869442050426,-7.19720076699953,2.70775335175998,5.37843660265694e-07,2.73975274882355e-06
"1189",19.1584896448796,-2.72456610573985,0.575716074776452,5.41156820535342e-07,2.755714934442e-06
"14839",15.0204132685646,-5.7084031507619,1.30297072022825,5.43936535099287e-07,2.76803258972748e-06
"3968",45.5078884892416,-1.30355272962963,0.269446080035196,5.64372304474715e-07,2.86727293627667e-06
"301",20.3458230687869,-2.17482044485185,0.462198069371667,5.66354905693373e-07,2.87619159628243e-06
"15633",26.8102209552253,-4.91528944180107,1.04800658550525,5.66502705074986e-07,2.87619159628243e-06
"7817",64.9311049526176,-1.17375376675369,0.242058294169835,5.92282242105367e-07,3.00111837537076e-06
"9695",13.4058803274071,-3.29072435376434,0.698987665148767,5.96465303826691e-07,3.02131632770318e-06
"15550",16.4064820093295,-4.82053884651391,1.0280482612965,6.0238250841129e-07,3.04927575933831e-06
"7631",26.2315198680088,-1.79467488718387,0.379262173163447,6.11445556799144e-07,3.09311215890843e-06
"5715",8.52715325483922,-6.80388327141547,2.60707720038324,6.33794514366168e-07,3.20089178206719e-06
"10870",45.7679952078099,-1.38097226159399,0.288374988034719,6.37856817672594e-07,3.21928853735217e-06
"589",64.523460399713,-1.06245474537176,0.219137854949078,6.43764656821369e-07,3.24696947061481e-06
"3879",65.7220507794087,-1.06922566030853,0.22022680621968,6.49712493380798e-07,3.27589181266565e-06
"8058",26.9375464430716,-1.72601556397329,0.364739677183385,6.52739007655001e-07,3.28899001459793e-06
"3765",29.9490111896935,-1.69371324109938,0.356647545722984,6.63927450053797e-07,3.3431699593618e-06
"12761",7.33558061396279,-6.95303151027118,2.65203821136459,6.64809802764993e-07,3.34541712162128e-06
"8660",16.6080662027075,-5.00832453232889,1.01212967236408,6.72570702911432e-07,3.38336140812134e-06
"11187",19.4901488078045,-2.55417117753337,0.551172596752988,6.81732313067135e-07,3.42832477200559e-06
"2441",49.0243172580059,-1.3799121695529,0.288920637077231,6.87775227409076e-07,3.45758037815775e-06
"13419",77.0461459320417,-1.01871514977247,0.210036568448931,6.90765272782171e-07,3.47147447766029e-06
"9956",12.2446172742142,-5.14646634373761,1.0526902684743,6.91214932726526e-07,3.47236867587886e-06
"15920",21.0241382648971,-2.22965748027892,0.478824266796058,6.91395835547802e-07,3.47236867587886e-06
"13530",72.273148416439,-1.14976713312103,0.238422967904029,7.03697503314766e-07,3.53068371267444e-06
"9590",49.2390806153148,-1.25961612932414,0.262452976471537,7.13146971975488e-07,3.57575620621566e-06
"13568",7.79181184470929,-6.97782221925875,2.66264439795638,7.17396365111985e-07,3.59588775887396e-06
"9723",8.92318109238203,-6.80119563701446,2.6141549673376,7.17984061993033e-07,3.59765821788344e-06
"12128",14.7080187122156,-4.19783665519248,0.872334540080628,7.19694505849157e-07,3.60505151917846e-06
"6834",15.5520216725977,-2.31250347923993,0.498215539313035,7.30217209777555e-07,3.65656744439198e-06
"620",49.8135516242666,-1.31111690614304,0.274071914239601,7.45336011587964e-07,3.72984032152451e-06
"7260",46.6613089980046,-1.19488035186625,0.24897728162095,7.46500136598521e-07,3.73323063749384e-06
"14565",9.37929468416528,-6.70409264439967,2.59308392243974,7.53218306211837e-07,3.76437409518183e-06
"14983",15.9068528358338,-7.45172773116562,2.79047488509838,7.53514495781243e-07,3.76462810445184e-06
"8470",31.2926292684181,-1.66725000129853,0.353874777225139,7.54159660296031e-07,3.76662489190169e-06
"3269",58.7192031608957,-1.13937388206375,0.2368412199432,7.5588824491589e-07,3.77402972396502e-06
"4955",49.1905637999383,-1.31744325330496,0.275954316148222,7.6043344993552e-07,3.79548810096314e-06
"12312",17.3115707777732,-3.48681331527469,0.745753213394636,7.69437203234465e-07,3.83668346091205e-06
"16109",10.9834580000598,-6.91288410787029,2.64933719700826,7.83479390440491e-07,3.90416508201639e-06
"4866",79.8122423723926,-1.07024282837456,0.222260569211124,8.06860379390196e-07,4.01568793208303e-06
"8918",21.4650031778667,-2.66006187593125,0.571361226004392,8.14249605043136e-07,4.05091818747628e-06
"12502",23.52399016574,-2.28193628816342,0.491819840767979,8.36391089678582e-07,4.15702898896614e-06
"7651",79.086232360514,-1.01040724478198,0.210004286513283,8.54629587205845e-07,4.24355396650462e-06
"10822",25.4348851584466,-5.75854704067867,1.34785396984413,8.70437081022995e-07,4.31785196706622e-06
"8014",42.7521065592591,-1.31410188755669,0.277328470175571,8.91683297150074e-07,4.41895892382868e-06
"12018",16.940392720372,-2.28676306371796,0.497779066772831,8.93822116235937e-07,4.42812810119728e-06
"10486",38.1781306993181,-1.56322810955708,0.33290976572925,8.99645800170108e-07,4.44979545841714e-06
"4670",6.53544488028192,-6.87917478778499,2.64732761981566,9.11325022533219e-07,4.50611015814605e-06
"7971",9.3190045699457,-6.82041006549312,2.63152611070571,9.17138407039747e-07,4.53339387216844e-06
"10917",18.4638002145713,-5.30822854592397,1.11662171570686,9.24387644934423e-07,4.56775511633779e-06
"2356",8.59880233490176,-7.1232014752728,2.7135044816046,9.26595144376779e-07,4.57621611421943e-06
"11562",17.084264249412,-2.19851838981312,0.478193360256623,9.3633547296262e-07,4.62232791559378e-06
"2422",66.924707414179,-1.07445028817845,0.224478135081469,9.3860265410433e-07,4.63202975938332e-06
"10546",72.0123397395238,-1.10500257606214,0.231626393545061,9.40885834633209e-07,4.64031223425822e-06
"14939",15.1205254028633,-7.90369307140679,2.92278063396097,9.41887389606767e-07,4.64375906771743e-06
"9138",38.2290208672211,-1.44146786324274,0.306322333996771,9.51296944214743e-07,4.68864407808763e-06
"15040",13.5903618614855,-3.46552131351131,0.748707306183544,9.55943576147655e-07,4.71003284805185e-06
"5930",37.8861442191884,-1.46998782404526,0.312882794331179,9.59401332708061e-07,4.72555205384905e-06
"3059",24.8248639767028,-2.29629701486952,0.498910820901981,9.65941558816564e-07,4.75623919670172e-06
"7542",59.3295805436296,-1.16187334275523,0.244436832160453,9.85768429435783e-07,4.85075208878551e-06
"2671",53.1283546771466,-1.65133356327636,0.354853094203425,1.01486148155656e-06,4.98751432143569e-06
"10215",55.2266197683892,-1.21424983965499,0.256254146395496,1.01614711877613e-06,4.99223350732698e-06
"15257",17.1375229721886,-5.67211876677293,1.33589898895419,1.02391790684942e-06,5.02880039846052e-06
"5380",28.1531572349022,-1.79036209756437,0.386082879000241,1.02517325184344e-06,5.03326469931533e-06
"13741",21.345298650392,-6.35521552135221,2.51040415632067,1.02854659260123e-06,5.04507364778794e-06
"7568",28.8779717007834,-1.70810591993127,0.367665871770051,1.03112249430215e-06,5.05286248166012e-06
"8034",14.2951386928732,-4.94378418295176,1.02161775385337,1.04102878181324e-06,5.09815020726479e-06
"5401",31.827128624498,-1.47899343704679,0.316314972474862,1.04686985586155e-06,5.12511939964382e-06
"13694",8.14943542042755,-6.68299752612549,2.60283353852373,1.09611576961686e-06,5.36171557465374e-06
"14793",17.7851544650414,-5.59707255566592,1.32055382023068,1.10296245006722e-06,5.3928466766671e-06
"9408",54.6124529140537,-1.07629246351694,0.226835710617917,1.10465751032899e-06,5.39941388371381e-06
"12249",31.888161917297,-1.60568267697701,0.34648814309228,1.15887021963544e-06,5.65718923953757e-06
"14916",16.8750621080919,-5.699613479806,1.3528958510721,1.17362712220612e-06,5.72740487786531e-06
"7774",12.36435094113,-3.17758475486242,0.703961189287099,1.17543403882696e-06,5.73439887367951e-06
"4364",36.5676859292861,-1.39235950682081,0.299136362240104,1.24539645682171e-06,6.06414402951938e-06
"10549",13.8852341490909,-4.89157495009772,1.01890182267366,1.26252796636649e-06,6.14366209576942e-06
"8744",40.0882195344531,-1.38009182683493,0.296710635239763,1.28696129108106e-06,6.26057295150816e-06
"1828",9.44956773365247,-5.73743361746843,1.37203413250114,1.31383675220795e-06,6.38726149845583e-06
"2039",21.1189028423739,-1.93731611084677,0.426359819082339,1.36428868902639e-06,6.62413966953541e-06
"9964",29.1493859612279,-1.66614834249459,0.362869079597903,1.36403208952496e-06,6.62413966953541e-06
"6264",33.8156456061604,-1.50262244148215,0.326143786544849,1.37856397488425e-06,6.69133409258116e-06
"4295",13.584185759265,-6.73661279081325,2.62879332055882,1.38537442184595e-06,6.72226431194889e-06
"10443",13.1747928427183,-3.17816715391935,0.701891296670421,1.39358025188276e-06,6.75994366254731e-06
"14117",12.3388283379387,-7.93350405355724,2.95587436290547,1.40328201639316e-06,6.80270331043293e-06
"10004",51.658423372594,-1.23037106961064,0.263748241735872,1.40757891981113e-06,6.82137819540815e-06
"629",53.49605309116,-1.29280624945221,0.277578766567255,1.41202707011687e-06,6.8407740248826e-06
"13558",8.50456797692563,-6.56292973871177,2.58060161647207,1.43143778702508e-06,6.93262309543112e-06
"16185",14.0134361375506,-5.63996798106368,1.35217216813835,1.45517400307188e-06,7.03869316807435e-06
"13742",45.6926154444439,-1.37854933223002,0.298025792947795,1.4784653818473e-06,7.14459664682931e-06
"2141",67.5575801800301,-1.12804787984724,0.241127208687647,1.48092337410341e-06,7.15422145115509e-06
"10918",13.3715966948415,-2.8954199406196,0.645626820493235,1.48170018538313e-06,7.15572110303221e-06
"14072",14.6504953326909,-6.52652918109869,2.57410325081759,1.48725267504244e-06,7.18027620930651e-06
"1101",7.37337856825946,-6.62875497398732,2.60239423330149,1.49701160057868e-06,7.22511764318299e-06
"8388",28.6999096752924,-1.71185010465525,0.375041003602205,1.51215332083266e-06,7.2959020130615e-06
"2399",15.0697759540053,-3.78239877484242,0.833916416334807,1.51998943789817e-06,7.33140457267263e-06
"4092",28.0951948619165,-1.71812253552519,0.376822389857512,1.54529537282665e-06,7.44878005192564e-06
"8921",24.7068876382727,-2.13620467356459,0.475070465690542,1.57868995959907e-06,7.59781682877308e-06
"10354",30.2143541619905,-1.80120334214398,0.397236237886938,1.59915979548064e-06,7.68668820239959e-06
"7838",53.5955389632648,-1.21525791797636,0.262194295741419,1.61704909262537e-06,7.76294875724375e-06
"6290",31.1065986959793,-1.69385655559723,0.371844293396682,1.64287097884574e-06,7.88197918337405e-06
"7278",35.1497683042156,-1.50375198128559,0.328650858528928,1.64464450675967e-06,7.88802146521215e-06
"15158",12.0366294912226,-6.95341543901821,2.70132178299356,1.7000715911297e-06,8.14113558761015e-06
"11358",45.3355071976776,-1.32708845962207,0.288157604531505,1.70352339648424e-06,8.1551199601428e-06
"15302",17.936332165965,-5.42289355077698,1.30334591517233,1.71170184193197e-06,8.18405776278038e-06
"11088",40.5843534884168,-1.36641705193689,0.297148758312988,1.71770577794711e-06,8.2102055299198e-06
"7433",20.8023411787336,-1.82311082665091,0.403878310468755,1.72982821150668e-06,8.26299945490254e-06
"5712",38.0373844290013,-1.50067268189468,0.32909525729782,1.74424318353847e-06,8.32638857808053e-06
"13505",80.5044335974091,-1.7534141542466,0.390386925025478,1.74675801778843e-06,8.3334913765323e-06
"14985",7.00519620724559,-6.78387401289662,2.65551659357545,1.74763144476026e-06,8.33506660147858e-06
"7082",54.4678441706909,-1.1604835714861,0.250304853586038,1.74926572789905e-06,8.34026850937075e-06
"1759",63.3754532945034,-1.08892589912762,0.233592434114581,1.75594901715309e-06,8.36953270275855e-06
"8988",15.730463497871,-2.83628146331539,0.636673568496016,1.77944339241139e-06,8.4788819781888e-06
"4210",29.3345733687569,-1.7816133646302,0.39437060621864,1.79346059562094e-06,8.5350700740112e-06
"13201",8.21935911446859,-6.6557005171553,2.6214448808665,1.81219857298085e-06,8.61088965786471e-06
"1140",22.7370605521951,-1.83318992393057,0.407090506406948,1.8544450129207e-06,8.80617450734828e-06
"8679",21.941510269245,-2.1478898405128,0.479619085731279,1.87445636065728e-06,8.89294494173303e-06
"12921",6.58748919504078,-6.5504001296334,2.59362747819641,1.87841519817208e-06,8.90346752720241e-06
"6912",47.7702593726955,-1.35733849897603,0.296445238234074,1.88288831799232e-06,8.92191336101179e-06
"13793",7.50383811932207,-6.92558354313647,2.69888961523528,1.88676218369144e-06,8.93750916467359e-06
"14065",14.3567490186356,-2.61546837091702,0.592204280289861,1.89570100900634e-06,8.97708042629144e-06
"14552",10.4952868081385,-3.53764323541163,0.798119102548496,1.8977724874096e-06,8.98411702385852e-06
"14308",15.827166565213,-5.80491818037992,1.41938492856756,1.9036615437194e-06,9.00921624469056e-06
"13513",8.74658046594186,-6.47133245238367,2.57043086380104,1.92913691179161e-06,9.12133979587632e-06
"5944",5.89252111933989,-6.68171351197287,2.63236457388807,1.95197747996002e-06,9.22649121226944e-06
"7173",13.5742212079759,-2.75544874772309,0.623798308733151,1.97720492707148e-06,9.33998004804731e-06
"13621",13.4389821306642,-3.06962201732194,0.686887850698012,1.9823216421588e-06,9.35838798635155e-06
"6980",69.5714954124145,-1.12310077749895,0.243005110405431,1.98359161608658e-06,9.36150297312099e-06
"7006",25.2751272209277,-1.92982921438572,0.431971561854303,2.04310814094004e-06,9.63349975612878e-06
"11782",10.1145646400113,-7.12161438553086,2.75660175299443,2.06799634858873e-06,9.7418691975428e-06
"819",35.912804382982,-1.75773466546794,0.392040537397203,2.14722681100723e-06,1.01026988535063e-05
"14393",6.46545866266879,-6.61357564089653,2.62087375392569,2.17567641382845e-06,1.02302798704781e-05
"13304",12.3910694647315,-6.77097780277172,2.66414979976635,2.20050478676449e-06,1.03406875783545e-05
"11735",53.9659069590613,-1.24006074504188,0.271153695314263,2.2044515332029e-06,1.03560624231268e-05
"15948",7.03340061468985,-6.6460037121072,2.63086251979975,2.2198678268087e-06,1.04221028355955e-05
"10070",9.21849768399954,-7.02228817916507,2.73572955765769,2.2335529958303e-06,1.04767360486164e-05
"13381",8.09112387569078,-6.39050053207941,2.5576146687449,2.26206813146027e-06,1.0604005909256e-05
"10812",7.09211981279421,-6.57348260341168,2.61096654403797,2.29556529570731e-06,1.07544605594007e-05
"4878",26.343823393028,-1.87254408705415,0.420183172525457,2.30842793742325e-06,1.08015278572385e-05
"12508",15.8046548564427,-2.8491146804435,0.649707343272979,2.32703564997941e-06,1.08786435032401e-05
"15508",7.08418801941545,-6.67327682559897,2.64074250136391,2.33631229014142e-06,1.0918683968212e-05
"14441",22.4865591266941,-3.58082564853658,0.82049853983145,2.35887065754724e-06,1.10173980209276e-05
"9966",34.970997361802,-1.40082517184753,0.30959161832577,2.37211211337338e-06,1.10691350837858e-05
"386",40.9959479584356,-1.34386753729208,0.296507189082922,2.40045042023808e-06,1.11843640442493e-05
"8808",56.7780711966556,-1.07885543672924,0.235462459139817,2.44955299707636e-06,1.14062190088445e-05
"4923",22.751484216203,-1.85767674838654,0.418617365559239,2.47731117422044e-06,1.15319737093642e-05
"12782",18.4066990600428,-3.4567145606553,0.789390967249466,2.51019326203111e-06,1.16779548876117e-05
"13983",48.9064389204286,-1.96866985126268,0.448599000575037,2.52979645118046e-06,1.17584571191947e-05
"9436",33.1360277651308,-1.46932603657532,0.327425004804315,2.5484564037369e-06,1.18400270171825e-05
"5393",10.8150420803329,-4.7937649953222,1.04067497605008,2.61382246398628e-06,1.21343050120852e-05
"14780",14.6960477382685,-5.63927424880339,1.39832603236321,2.62840462896612e-06,1.21983098070863e-05
"2365",59.0459860106376,-1.11634129119759,0.244523344903829,2.63509763288893e-06,1.22256737167871e-05
"4813",6.16947669126759,-6.63227717923932,2.63690821708194,2.64313489210418e-06,1.22592559400104e-05
"3906",12.604483006372,-4.06839569751235,0.90835528632621,2.69411635814971e-06,1.24768570127048e-05
"2946",7.85405633509601,-6.3418063692935,2.55395412296433,2.69979123488877e-06,1.24993653943568e-05
"3464",54.2230585230467,-1.18361032815426,0.260576875283823,2.70487944737121e-06,1.2519144905284e-05
"7256",12.0425817380462,-4.7589994820566,1.0347864051313,2.79038000038069e-06,1.28993071243871e-05
"863",34.7150459105639,-1.55550947224054,0.349675867730875,2.96621593862824e-06,1.36874138786085e-05
"2202",13.8281793393411,-3.54536775118785,0.801241885170152,2.96806659224865e-06,1.36918357561248e-05
"1607",19.2701437649196,-2.21386905108608,0.507586774071787,3.03023328471878e-06,1.39702131272356e-05
"15147",15.4559223491444,-4.97272488674262,1.10625930801966,3.06040797259109e-06,1.41008527097493e-05
"3150",6.76150782454135,-6.33379627112537,2.55968383641724,3.09729329971827e-06,1.42579571249857e-05
"3882",64.9536396086337,-1.09136380711332,0.241451193841272,3.27128601598914e-06,1.50363515108812e-05
"9632",21.4471927897386,-1.91685147525514,0.43827505001662,3.28438687146347e-06,1.50920478493154e-05
"2821",24.6149134738285,-1.65921534153769,0.377313981022762,3.32366492687453e-06,1.52679613691724e-05
"2337",9.81824959077696,-6.28790140118354,2.55093260287299,3.37366502552946e-06,1.54883729762712e-05
"11815",35.5841462781033,-1.41557701621441,0.318862033142228,3.42874332082187e-06,1.57318208048355e-05
"10765",43.1409497234638,-1.27687660381943,0.285764686724621,3.45008741022688e-06,1.581556353006e-05
"250",32.8861445517292,-1.41931719076527,0.320119576844755,3.47550872444186e-06,1.59273388169389e-05
"14382",10.9122908454552,-4.15270126680181,0.94893033240863,3.52168676137623e-06,1.61245120799151e-05
"6564",38.2425931951063,-1.28340841757104,0.287542458101544,3.52784748089713e-06,1.61479009246434e-05
"12719",11.061337619925,-4.89167412128436,1.09406910216572,3.58148239678482e-06,1.63836268377667e-05
"14305",11.9690337627259,-7.60975683587103,2.93325346595086,3.60684986684939e-06,1.64947533553115e-05
"6014",6.22608444991764,-6.43926195883052,2.60063952575464,3.66650611696881e-06,1.67525918262813e-05
"5141",45.5178416329348,-1.19118283356136,0.266319153193112,3.68225404355732e-06,1.68195367044656e-05
"11237",8.70660709539188,-6.24180552567011,2.54312085070682,3.69955152056027e-06,1.68784475111377e-05
"14424",11.8653291593397,-5.30325665399276,1.32830116196823,3.69913122429854e-06,1.68784475111377e-05
"3162",43.3273682534177,-1.24220284532025,0.278475847103141,3.72706310271069e-06,1.69938571128945e-05
"9613",64.1858031998213,-1.02302104343496,0.227221671514622,3.78265685749446e-06,1.72268638066303e-05
"8414",15.470268932931,-2.59205371932521,0.602950149266113,3.78650829585346e-06,1.72392868793115e-05
"12379",12.905657115719,-4.67188646457862,1.03295457931555,3.93052312753056e-06,1.78790442768163e-05
"11714",49.424861915168,-1.36562950067478,0.309221659676426,4.02372323544067e-06,1.82921438818863e-05
"4344",6.65852931035916,-6.31618851056853,2.56955803206659,4.03615680954676e-06,1.83432327988377e-05
"15710",20.2217371272085,-5.53419939425746,1.40416026291741,4.04686387117178e-06,1.83864472535945e-05
"4916",10.0158001835791,-3.97549841649496,0.905901811580943,4.07157287921016e-06,1.84822907354205e-05
"3009",8.07907320689007,-6.90281024873818,2.74225007136237,4.10585773090953e-06,1.86324090994809e-05
"4822",6.91786457670804,-6.27273914520138,2.56237316724838,4.37615956853319e-06,1.98238607204029e-05
"10941",5.67518070425512,-6.53249093401338,2.63924070284475,4.39955176550948e-06,1.99180651337303e-05
"2294",30.9251016309983,-1.55243775825716,0.356532621507802,4.46969952058805e-06,2.02296754408208e-05
"13817",13.176437468558,-5.23076928023597,1.32270374700029,4.49262058053589e-06,2.03274189227845e-05
"6921",28.8861834603315,-1.55431870975847,0.356147237987622,4.50678831669529e-06,2.03855109501933e-05
"15675",23.6411485529432,-2.24258603608618,0.529258466370301,4.56034535862703e-06,2.06156095572818e-05
"6866",27.9442960665145,-1.83483073040554,0.426187497261329,4.62346365416964e-06,2.08886345247128e-05
"14149",19.7188383185522,-1.92356973590243,0.449046408508972,4.67480380205818e-06,2.10957396279349e-05
"11641",53.3025081592253,-1.49663605471287,0.345082966424418,4.75999608170663e-06,2.1461245924662e-05
"13652",12.1327078965299,-5.45525733123666,1.39544001263421,4.76767817764749e-06,2.14826962709872e-05
"16049",9.91940614906251,-6.30501821737261,2.57893076072625,4.92641985432298e-06,2.21659999486444e-05
"9212",40.0087283358091,-1.33297834058638,0.304787221388946,4.9541810645378e-06,2.22843741053074e-05
"1241",26.877863671039,-1.5475597573376,0.357258365296567,4.98867691506379e-06,2.2432963044497e-05
"1874",38.1952888537949,-1.36188519303504,0.311345486931935,5.01306691778292e-06,2.25360344915158e-05
"3471",71.6692826859518,-1.0341959221932,0.233033753490184,5.03824517968742e-06,2.26425881054318e-05
"15688",7.39801763484381,-6.1328761731255,2.52942575327584,5.07490154906046e-06,2.28006484530702e-05
"15424",14.8851464177835,-2.64328967144282,0.627991806805224,5.1001853733918e-06,2.29075363536154e-05
"1433",22.7118740788741,-1.7077595203125,0.397598107879668,5.10209908922749e-06,2.29094253222176e-05
"1622",34.5201290388858,-1.3670162591161,0.31350209055486,5.17974631295279e-06,2.32444713891883e-05
"9804",35.8059818063445,-1.51211705843543,0.349458048948117,5.2208048992915e-06,2.34150276439139e-05
"2896",21.5860416450238,-1.84848855914544,0.432415350782385,5.31466695753797e-06,2.38081562421912e-05
"9755",14.9551129367629,-2.2476444855013,0.531400013974391,5.3237936389719e-06,2.38420799190735e-05
"5972",60.7587980897082,-1.17348560197757,0.267114845460279,5.32859233309463e-06,2.38566069934844e-05
"11198",54.0037132316121,-1.05729714881605,0.239197278419038,5.3528779319782e-06,2.39583448396562e-05
"11715",26.4722033015022,-1.80418392010576,0.4215379787423,5.374838358179e-06,2.4049619402024e-05
"523",34.8405085151319,-1.61793199862251,0.375796492717648,5.45660093804659e-06,2.43941224336972e-05
"7783",61.0426983848197,-1.04954095976603,0.237646039371462,5.46871308727777e-06,2.44411491110116e-05
"8543",10.2791250654553,-3.50333503578175,0.821915567535301,5.49615531976123e-06,2.45494937616002e-05
"15571",10.664050779429,-5.4477450542272,1.40590855409273,5.51298366861476e-06,2.46103312271039e-05
"15852",17.0334433617194,-2.56575571492916,0.60903631201393,5.51209472791781e-06,2.46103312271039e-05
"361",25.7609209959214,-1.65661030732991,0.386028604651171,5.51653015550646e-06,2.46190000511738e-05
"10037",18.2023227069935,-2.18877692260756,0.522050293093701,5.53792901751167e-06,2.47073116940045e-05
"3666",11.9701902737554,-4.64124109824021,1.0495655818358,5.54179225539027e-06,2.47173600507131e-05
"8738",11.5828264077687,-2.96117366865139,0.710551157900903,5.65868051113699e-06,2.52240369210851e-05
"11001",40.3779789575155,-1.29164446500822,0.296780585232251,5.67752968654165e-06,2.52933617829874e-05
"2469",15.8662532631195,-2.44811408629732,0.581763150300113,5.70005836412777e-06,2.53863557273766e-05
"757",58.3514254958747,-1.1265027074735,0.255810492640997,5.73085817905124e-06,2.55161221825836e-05
"2215",36.2879929002279,-1.46554799519134,0.339157355471325,5.73395046691222e-06,2.55224839030561e-05
"10337",21.9216149860245,-1.83203955889532,0.430997609217801,5.8494307190017e-06,2.59987878104412e-05
"4553",35.8923172597149,-1.4113212211607,0.327471949391528,5.88349367769052e-06,2.61426132339432e-05
"3484",9.71814493446972,-6.54955838530387,2.66247150727178,5.8858090042777e-06,2.61453293435532e-05
"15501",9.12238496001365,-6.67806809565942,2.70157086466127,5.92711246099547e-06,2.63211827754134e-05
"6102",18.1445302844725,-1.96795722814939,0.466553654026614,5.97024098088327e-06,2.6489707163011e-05
"12409",11.6285836854756,-2.86464230639579,0.68505523164375,5.97517883194907e-06,2.65039516677059e-05
"6063",41.1187737015945,-1.36316282569515,0.314769118380469,6.00099580673208e-06,2.65954011157396e-05
"1083",14.6206587079398,-3.09892292081095,0.729815389828149,6.02307417335099e-06,2.66855405838072e-05
"13627",7.17706211147965,-6.36703601858124,2.61243102634838,6.17857833573813e-06,2.73508157545384e-05
"6486",21.5906513444616,-2.0465351445178,0.48611918400863,6.19049372651616e-06,2.73956577000108e-05
"7955",26.2833098364767,-1.83071006796899,0.432691026141134,6.21071144309034e-06,2.74772046341796e-05
"3104",39.071766452111,-1.42699853911826,0.331548112706975,6.26437104955774e-06,2.76986296868485e-05
"16022",11.636911863478,-6.25164353607406,2.57954292723549,6.29235558482485e-06,2.78143508320275e-05
"12648",8.13861475410583,-6.9233068425616,2.77930255136676,6.39138507139822e-06,2.82358252664736e-05
"11933",9.82074465695359,-4.59315380683793,1.04646807425905,6.41023579374691e-06,2.83028051175421e-05
"14500",15.9590807540763,-3.6859680055063,0.905093940237465,6.41716161895248e-06,2.83252332334833e-05
"4786",5.41211150982991,-6.20499689828037,2.56725351469009,6.44360847852624e-06,2.842561382577e-05
"7824",10.893868139038,-6.50984315619719,2.65709647468663,6.44301266797055e-06,2.842561382577e-05
"350",12.236871609103,-2.80626286015831,0.678625109155274,6.46639251334348e-06,2.85179247864987e-05
"8513",11.8031921217575,-5.07902119136513,1.3073792164189,6.4927381374e-06,2.86012291823509e-05
"5357",56.8670252562842,-1.17829125270517,0.271233058820822,6.57623797200447e-06,2.89607402997889e-05
"4577",39.7330855538603,-1.30681646369046,0.30254543618625,6.59744447721074e-06,2.90457935764259e-05
"2575",20.2617934002047,-1.77405496185483,0.420608483701757,6.64536608496604e-06,2.92454619819072e-05
"13660",30.3407855976921,-1.50970796423845,0.353254967925027,6.64660926356712e-06,2.92454619819072e-05
"10594",11.6209858983282,-3.03738956088097,0.730914698188311,6.68645329073651e-06,2.94039131097077e-05
"12787",8.09069586445375,-6.28460981071824,2.5934283742063,6.73552781643589e-06,2.96027508701163e-05
"2507",6.30268959341317,-6.24394885388426,2.58197528742466,6.75843679456544e-06,2.96779323809438e-05
"2627",22.7859017070575,-2.07456311783237,0.493479094490871,6.78818281836786e-06,2.9797775098239e-05
"3438",82.1571940217244,-1.06847202133507,0.24454055741985,6.78961231463492e-06,2.9797775098239e-05
"79",43.2673968884684,-1.24384164252592,0.287591122828677,6.98547253715788e-06,3.06310674871716e-05
"15619",11.1441439784656,-6.63872936858456,2.70365581485647,7.00254465367854e-06,3.06883869241331e-05
"13079",15.3954539919492,-4.13798498869056,1.02541427727772,7.06147324575161e-06,3.09113221139991e-05
"4893",30.5432768433359,-1.4861844682833,0.348300438577061,7.0680455817975e-06,3.09312673592467e-05
"3206",35.5823720603032,-1.33773004335958,0.312106397038773,7.33485705911217e-06,3.20440523513548e-05
"10567",22.7593478754394,-2.00499443263191,0.479596229516262,7.34463180380295e-06,3.20776219088382e-05
"11449",21.779237251581,-2.00062231133209,0.480734748510188,7.4094641101332e-06,3.23423635396227e-05
"2467",28.8668255752719,-1.52238418216993,0.358358599482553,7.41960799427984e-06,3.23774304483036e-05
"12760",10.4911925846954,-5.32149152421135,1.3952118646318,7.4607529453001e-06,3.25421736461439e-05
"13527",26.0111689889248,-1.74094640839905,0.414162622833679,7.50281704584218e-06,3.26940420148698e-05
"5441",6.92005391413473,-6.31538495850094,2.61056131490403,7.52447246879457e-06,3.27790974130367e-05
"11632",16.6381574359906,-2.51638595324891,0.607808646142059,7.63731232170311e-06,3.32234995610691e-05
"8229",39.4283714974677,-1.3448179880913,0.31503137883784,7.7197505322197e-06,3.35630865445868e-05
"15974",5.04716954120994,-6.55683893741962,2.68739505369549,7.88830400308536e-06,3.42280114025279e-05
"2205",14.0457822962228,-4.4867925856904,1.02853727649432,7.90019660426774e-06,3.42699226743794e-05
"6360",49.6991878793894,-1.12861362244362,0.261306679695888,7.93305855689713e-06,3.4383310010868e-05
"15055",6.43173685002745,-6.05334230786488,2.53306210631224,7.98507223221026e-06,3.45989729621017e-05
"7184",41.7129829913608,-1.24546447310237,0.290562549700174,8.01978673898089e-06,3.473957875104e-05
"4665",18.6080966435624,-1.9449276581856,0.467114092015423,8.07197063036757e-06,3.49458931664023e-05
"13805",4.95300657229296,-6.18695646441322,2.57696450737795,8.12760783311905e-06,3.51669168030304e-05
"5973",15.0971084185948,-2.23874826952381,0.543348896144402,8.28232319610675e-06,3.5816145658925e-05
"8271",7.70328347155134,-6.05527617647696,2.5380935449772,8.31382366718257e-06,3.59422362709446e-05
"13972",30.3193437975546,-4.05727632563037,1.04752805389576,8.35471229460131e-06,3.60986625559189e-05
"4086",56.9016305324504,-1.09588092064085,0.25407529183291,8.42051082471421e-06,3.63522503048931e-05
"5389",8.25399987727098,-3.92514598437037,0.940640219547598,8.71639638668936e-06,3.75978829803134e-05
"9739",16.837556940691,-2.41930081434582,0.590050388343562,8.97312017495168e-06,3.86292319989573e-05
"13313",12.4338494356178,-3.39605105469236,0.818418504787903,9.0778927611398e-06,3.90474092049812e-05
"15823",14.4924617164194,-4.74838834258909,1.12643941335719,9.0917293380988e-06,3.90959650320768e-05
"3633",42.469448945517,-1.24305497006196,0.291246385223315,9.1116548154761e-06,3.91706696088119e-05
"13648",23.274174596807,-2.10668479370919,0.509846017411661,9.2495598450884e-06,3.97190027156986e-05
"10801",11.8893070667668,-3.31885693405232,0.830142285976169,9.27254341261538e-06,3.97954219803518e-05
"6187",6.47928584702166,-6.04619498430981,2.54388504935207,9.45558685034257e-06,4.05583083714862e-05
"12606",18.3422583853294,-1.90253004637115,0.461163613569974,9.4995857750202e-06,4.0724265031052e-05
"14616",8.43186865260424,-6.75889933927155,2.76222865510091,9.49825770657269e-06,4.0724265031052e-05
"6001",29.1300404983612,-1.57570832451635,0.376931173725325,9.56473135309388e-06,4.09463373745869e-05
"9554",19.901744910484,-2.06824954996908,0.502404074872368,9.68002637489546e-06,4.14167999637538e-05
"14922",7.36467983834426,-5.8983598005718,2.49959631444497,9.75730945699124e-06,4.17125658954073e-05
"9953",38.3520461402126,-1.31651375672937,0.311863960094521,9.87193851687863e-06,4.21791012710857e-05
"16094",6.0030250909815,-6.47454740907475,2.67960434650481,9.94948076680317e-06,4.24749258222206e-05
"6087",52.9554215382474,-1.06633061866937,0.249138056090255,9.96543362750988e-06,4.25227354671579e-05
"11968",31.0164057784993,-1.49506602034358,0.357778755319767,1.03898306674389e-05,4.4268584262848e-05
"6976",18.7921573130899,-3.7614724561171,0.901646760491191,1.04266424206523e-05,4.44130967962431e-05
"11152",42.7157404822888,-1.34265569621188,0.318616379438887,1.04870865988456e-05,4.46581653305825e-05
"1704",5.54691045388068,-6.56835544586352,2.71273894856186,1.04971112407165e-05,4.4688451100531e-05
"12068",26.4292332246917,-1.58476830180481,0.381017153426017,1.0587662518978e-05,4.50489478726234e-05
"8467",8.44097898498904,-6.08402217398113,2.56387410293368,1.06069306957913e-05,4.5118419092189e-05
"4750",31.2329612512619,-1.50584504466515,0.359170314102354,1.07984205470595e-05,4.590749971004e-05
"15507",31.7308855724084,-1.95155450297631,0.482980389644837,1.11167278762954e-05,4.72345488247025e-05
"9175",18.597558961403,-2.08749647900337,0.513368642359961,1.11478005086388e-05,4.73534615736561e-05
"15506",27.0002231524925,-2.49645347839929,0.630605681361569,1.11933821664253e-05,4.75207699445113e-05
"4002",43.3889501071108,-1.16928615517348,0.276589606226581,1.14872916356835e-05,4.87011648428551e-05
"11718",10.4871371258885,-3.16676001653757,0.784419277040596,1.15044341831009e-05,4.87603684174908e-05
"16034",22.9230719085501,-2.87975411134611,0.740526691901961,1.15717221231371e-05,4.9004949637122e-05
"1174",26.5539693372778,-1.47182605142561,0.353833427447278,1.15871977647923e-05,4.90434138772987e-05
"13480",18.9370332414772,-1.90292394069049,0.466527032700142,1.16839406181192e-05,4.94119903262965e-05
"1072",26.1136268186464,-1.69578020882948,0.41256015523632,1.17165598133764e-05,4.95362847111142e-05
"10817",5.46711993724293,-6.11757840846281,2.58235937940148,1.17814162460128e-05,4.97967684469904e-05
"1835",23.5161701143314,-1.53011431242057,0.36988957975039,1.18741112052046e-05,5.01747420053576e-05
"4766",42.4627119386325,-1.15858697610195,0.274515015771056,1.19329051354306e-05,5.04092961158898e-05
"1953",49.5269211195975,-1.14959021823737,0.271955448273976,1.19624297979525e-05,5.05062081425384e-05
"9061",30.9730700681571,-1.47575165512008,0.354958111227027,1.2063336995963e-05,5.09042297934709e-05
"11156",42.3679860598103,-1.14392024161979,0.270878734582587,1.21607143778389e-05,5.13010285122853e-05
"10533",16.083030335411,-2.67108677232943,0.660541231509337,1.21736659335408e-05,5.13415493178439e-05
"14522",18.0614037826608,-3.41496147977634,0.876172720930763,1.22763507203262e-05,5.17319552600835e-05
"12728",18.7284814071365,-4.68190313716394,1.13251803958234,1.23772976437776e-05,5.21144011384413e-05
"14248",10.0577105205806,-4.20629520407791,1.05896732807717,1.26481052776719e-05,5.31213334471614e-05
"154",58.0677142475554,-1.25934154656078,0.301276725883583,1.26759987530915e-05,5.32114497588736e-05
"9912",29.4644610373468,-1.59158348030923,0.386824149417998,1.29357387258643e-05,5.4212794119349e-05
"837",5.02884536042746,-6.10890377371484,2.58891152922394,1.32404365937482e-05,5.5436610304032e-05
"13460",53.4179078320022,-1.44273416581503,0.348002091505985,1.32422066586898e-05,5.5436610304032e-05
"9534",18.0325171732011,-1.91734415688208,0.474230955610068,1.33553228391589e-05,5.58949040701623e-05
"163",20.4789682490627,-1.7106279887474,0.419313641854244,1.34674907670093e-05,5.63336180038779e-05
"3831",16.4635341934541,-2.1181698041922,0.527067562315309,1.35057369605759e-05,5.64628125847726e-05
"3735",33.4532507954981,-1.34189998191578,0.324192033838097,1.37020472167208e-05,5.72367303147691e-05
"9674",17.6804640721565,-2.00243888929513,0.496964078505499,1.37686718666807e-05,5.74837367212198e-05
"16124",5.31370031853531,-6.26713565105518,2.64201798334184,1.38910534935918e-05,5.7963131289687e-05
"12433",48.0293026862648,-1.29635325609336,0.312092338856994,1.3900210562704e-05,5.79698099112714e-05
"15417",10.1552253372871,-5.27167612841762,1.44275244346932,1.39710455616067e-05,5.82335648062296e-05
"13984",15.4814340801906,-4.56893548437084,1.10749347752384,1.4285198120315e-05,5.94622340640243e-05
"5414",11.6807184290671,-2.3457672373781,0.590381803794296,1.45862227655409e-05,6.06823253502423e-05
"4042",29.3312585313067,-1.54623313322047,0.379047181582782,1.45975628954276e-05,6.07130407981961e-05
"4502",5.08010860250268,-6.05697794237629,2.58025259570168,1.46494955751158e-05,6.09125232002715e-05
"15119",9.7418599600901,-6.26688572557309,2.64672136597968,1.47486708764404e-05,6.12584886998442e-05
"5244",18.6334618042752,-1.86757155440628,0.463422823408184,1.48000102043547e-05,6.14550897335356e-05
"229",35.4395807226982,-1.35171688894732,0.327747034759695,1.48329902368518e-05,6.15753704556325e-05
"2604",29.8453566416631,-1.41268262738611,0.344096697551905,1.49118740713378e-05,6.18860924740427e-05
"15240",5.46733733854155,-6.05275445156252,2.58291924951735,1.54631760694876e-05,6.40527835945323e-05
"2374",39.76042366571,-1.28794934959639,0.312006375104329,1.5570118848671e-05,6.44435752617099e-05
"15812",15.9965784550017,-4.15831633311935,1.09424461023263,1.5620707588057e-05,6.46355222555443e-05
"15801",10.5780083489363,-2.66647551311131,0.67768861414724,1.56655112353031e-05,6.48034345870194e-05
"1185",9.54654757773023,-3.37442453484575,0.84639274780791,1.58636738427004e-05,6.55701367910972e-05
"7673",23.8956587665804,-1.66499570574794,0.410832349973235,1.58604418511643e-05,6.55701367910972e-05
"14891",41.6242547877765,-1.80190201699428,0.451449603241028,1.59104152913042e-05,6.57456239737355e-05
"2258",38.715764942345,-1.21210863605763,0.292776799760025,1.5987824812445e-05,6.60121625665617e-05
"4801",52.6009611195516,-1.07551796857221,0.258106187096564,1.6044195471678e-05,6.62270893521537e-05
"10113",60.3379668235521,-1.00689568750908,0.240500527088945,1.60558842468839e-05,6.62575126411889e-05
"2691",20.976582169615,-1.74417226999878,0.432733930412604,1.6188661011675e-05,6.67515791190888e-05
"3515",12.9864147187578,-2.77297793460003,0.70553665604873,1.64551474936336e-05,6.77957379148282e-05
"10457",42.8826067184886,-1.28986238338172,0.313971092982983,1.69715562634491e-05,6.9792170396703e-05
"752",12.4108548386889,-3.6901497314659,0.914481163254307,1.71075005968839e-05,7.027587192985e-05
"6782",37.0581883321028,-1.37270986622415,0.335709473207274,1.71062593115654e-05,7.027587192985e-05
"1037",27.3325160176875,-1.49276792774181,0.367569353659195,1.72792862151147e-05,7.09625504278653e-05
"9817",20.3216793666532,-2.81304002753078,0.720409036485858,1.72987258125133e-05,7.10233744022992e-05
"4795",24.5357611428223,-1.54705914840297,0.382254377419183,1.74012451597196e-05,7.14251750897747e-05
"9468",12.811498795496,-2.96473946748982,0.7466264912563,1.79936772950318e-05,7.3738512483353e-05
"12295",9.76986935002395,-4.3373721058125,1.05046745949515,1.81281093916006e-05,7.42299392568262e-05
"7884",60.732090400297,-1.10892102593199,0.267518655160314,1.81430843487005e-05,7.42714362759104e-05
"1344",38.3917443697706,-1.22913125432023,0.29913694282306,1.81959580591774e-05,7.44680140042568e-05
"5931",26.7982624505932,-1.5524038795671,0.384422861748055,1.8333802651521e-05,7.49721572713982e-05
"14053",5.94551667846186,-5.94916359054793,2.56397676967879,1.84176363465791e-05,7.5294909263406e-05
"15916",5.53127594213275,-5.89932205434992,2.54891046241345,1.87228350265197e-05,7.65018529459099e-05
"814",53.7797398598812,-1.03918441689671,0.250754731772439,1.88442103374057e-05,7.69363276228889e-05
"8526",43.862868397428,-1.13336712878226,0.274750213814161,1.90206145579665e-05,7.75945996178888e-05
"2654",26.8902696265236,-1.49283794356228,0.369585058389273,1.90484722236919e-05,7.76875888697779e-05
"4874",5.13303386559368,-5.84851070868798,2.53457276995259,1.91423772837431e-05,7.802908997462e-05
"540",40.0639964160477,-1.21890596277573,0.297340144155728,1.92193493058575e-05,7.83012417418405e-05
"3481",31.3560857944375,-1.50429788273686,0.372774887168847,1.92318919411024e-05,7.8331541824352e-05
"6724",17.1121266575545,-2.26291795553521,0.576746989260351,1.94177261266123e-05,7.90464770391647e-05
"9209",9.41047808695414,-3.64243683263772,0.907841629501269,1.94973368208253e-05,7.93495063241175e-05
"8133",16.8537028875677,-2.0134960390243,0.511399503217036,1.95537091879088e-05,7.95578255290598e-05
"5093",31.5632003857159,-1.39598998258315,0.345112464014018,2.00430642598199e-05,8.13762198831481e-05
"8581",11.0633314644642,-2.98533030370232,0.759612226781082,2.01192812611454e-05,8.15777305469752e-05
"5738",18.6607980187818,-1.9179336189005,0.485938440432687,2.01267286134868e-05,8.15863664773391e-05
"4095",37.7269364006969,-1.22726100757851,0.300527212791569,2.0138516366368e-05,8.15910368653776e-05
"13687",5.13872814093637,-6.15727609684853,2.63875572063553,2.01831079963043e-05,8.17490775920437e-05
"9456",25.3839293248944,-2.62631341108934,0.660731528506401,2.02467911173126e-05,8.19647799770255e-05
"3703",11.157586622101,-3.59121555854852,0.89396560987742,2.0505349460189e-05,8.29677153923207e-05
"9790",14.9738414661846,-2.14812318061211,0.54908663726691,2.05608269739639e-05,8.31483311179566e-05
"1104",12.0484012754807,-2.51152150692801,0.643018619437263,2.05781486371936e-05,8.31526295866374e-05
"1458",38.957318591399,-1.31828489389955,0.324911750146608,2.05779064500876e-05,8.31526295866374e-05
"10740",4.05369881146847,-6.11246847939667,2.6263955174726,2.05778175644463e-05,8.31526295866374e-05
"1769",4.29002075937282,-6.02692107589086,2.59844479993262,2.06667377528422e-05,8.34886143606787e-05
"8783",7.43263417789839,-5.63494415803984,2.47467673149019,2.08465256428295e-05,8.41484459189509e-05
"689",38.0878802821589,-1.50000992191673,0.374296143638817,2.094724903793e-05,8.45105553481356e-05
"5191",47.6477274913815,-1.12999227932396,0.27585061926134,2.09629475959352e-05,8.45516574564756e-05
"4076",17.1622702979539,-2.82458472500455,0.752056998246314,2.16083246016701e-05,8.70631629105633e-05
"15665",11.4676999552772,-3.66017460430761,0.960867910194537,2.16432743435559e-05,8.71810864408449e-05
"14637",23.545044057013,-2.18831055950755,0.565888338350233,2.17382751092134e-05,8.75407755907248e-05
"7799",53.9845391992743,-1.0245051266978,0.249234633202595,2.20360763474894e-05,8.85772909089676e-05
"14047",23.1501792044243,-4.23633737869385,1.03410960869951,2.22249156954398e-05,8.92661993495112e-05
"6764",10.754420047423,-2.98314222787962,0.764707372025036,2.23041444571873e-05,8.95609757672401e-05
"910",17.0409016714464,-2.20046259456588,0.56785331787032,2.23171662577813e-05,8.95898173451434e-05
"4260",14.5495159923437,-3.31247851116447,0.849795630171819,2.24565536094034e-05,9.01257917941608e-05
"4506",44.0954907945591,-1.12893752410065,0.276655159739908,2.25336876376538e-05,9.04117074854922e-05
"11277",12.8303607188325,-2.67764559823834,0.698432216797881,2.25894045573335e-05,9.06115644766453e-05
"12555",5.88183963488962,-5.8328786664272,2.5446220304547,2.29060504812711e-05,9.17617578418126e-05
"3152",22.206799416019,-1.65978431544765,0.41904369151769,2.30194392661859e-05,9.21919229081415e-05
"668",47.0127392609425,-1.05429492253105,0.257646270221863,2.30370326287629e-05,9.22220608168785e-05
"5430",39.9337212630755,-1.15761931601761,0.284204782564054,2.3038985798807e-05,9.22220608168785e-05
"1577",22.9375450534931,-1.58024608755028,0.397624147543151,2.31279290477394e-05,9.2529808443146e-05
"12265",43.7848946075536,-1.32430027244278,0.328914420776921,2.32581917487883e-05,9.3002459213359e-05
"11789",32.5843809577325,-1.21442603550461,0.299849805910872,2.33543852886047e-05,9.33384562341917e-05
"2175",39.9125432692953,-1.25207577447802,0.309602353204597,2.3371456745088e-05,9.338235959372e-05
"7951",21.2667680623129,-1.79470341739843,0.455893074189566,2.34080096306946e-05,9.35040592980336e-05
"8654",48.728930972973,-1.16474915892457,0.286745434654853,2.34424894071246e-05,9.36174167031527e-05
"5248",17.9364822953006,-1.93981813357599,0.496310520587991,2.3598805274883e-05,9.41926298992012e-05
"3814",49.2214554009617,-1.16423944956705,0.286669271142549,2.39051326261387e-05,9.5365691597204e-05
"11389",5.53127027523713,-5.77839724593962,2.53143254995952,2.42500716303508e-05,9.66914888317237e-05
"2999",9.97386025750075,-3.72263527445175,0.952483969963935,2.43087526412827e-05,9.69002836516498e-05
"14933",26.9471333087789,-1.58413841852964,0.399901607017367,2.447919569769e-05,9.75037122506901e-05
"10427",42.069587872901,-1.18549611163284,0.293346714934788,2.47238245106386e-05,9.84269951911594e-05
"10654",13.0254037653314,-2.29260001283233,0.593215260248432,2.49392107629699e-05,9.92329644025537e-05
"14428",28.5127700719721,-2.54669609950128,0.683023976105197,2.49835783955571e-05,9.93837291477918e-05
"1417",24.8692102105905,-1.61358768742432,0.408000645931807,2.50589778195754e-05,9.96061908512293e-05
"6371",33.0764623067272,-1.29010964160113,0.320936792652665,2.50575899915682e-05,9.96061908512293e-05
"10838",13.3328832016721,-2.69939990708208,0.69553336724336,2.54086754925187e-05,0.000100917760311083
"7850",35.5418147244503,-1.21776472110519,0.302028624799632,2.55713295049683e-05,0.000101484973769976
"3769",9.96913861323932,-3.74201775564136,0.964691303881858,2.60339189921291e-05,0.000103214061781973
"6158",22.6883580200028,-1.56475373286323,0.396489051432862,2.62863857616634e-05,0.000104188069424232
"15042",15.34651375292,-2.69698284180019,0.69679166050834,2.63356032706646e-05,0.000104356188270095
"358",6.39058622797505,-4.83622523625244,1.36562556789528,2.64461666264331e-05,0.00010476724362235
"14466",12.2211722709965,-3.23196104435792,0.834532867290816,2.64920890598642e-05,0.000104922076005549
"14258",28.1338379309011,-1.46292356384064,0.369984185386881,2.68571779912565e-05,0.000106313127430302
"8110",28.1031068832813,-1.45028767812986,0.365787477041565,2.71260509750076e-05,0.000107294405802924
"10373",37.3050260582252,-1.27868848631966,0.319503487165276,2.71782850872312e-05,0.000107473306209636
"6520",15.7107443626789,-2.02211101609526,0.525998886127138,2.72441215695517e-05,0.000107705889523739
"16000",14.5112953970501,-4.17726862075728,1.03241961104832,2.7286789508341e-05,0.000107846782953755
"4209",31.654806105607,-1.41442665023787,0.356505274226745,2.73807674171157e-05,0.000108162490854996
"7923",6.49227786771865,-5.76653884619014,2.53837992393729,2.75856566523564e-05,0.000108887761774403
"6339",14.58417747474,-2.08470440937777,0.541272890560914,2.76861988317716e-05,0.000109228425990196
"14468",9.08421053503339,-4.69996488116215,1.32324517137069,2.79821687492235e-05,0.000110279634727625
"4055",20.340942910639,-1.80111675791969,0.466790989041312,2.81365762673059e-05,0.000110748971182472
"7609",33.0606218387046,-1.4107455232125,0.355580451309707,2.82469546618218e-05,0.000111126416763162
"3294",32.1548185419867,-1.32224894662028,0.332385156665609,2.82610158859509e-05,0.000111153234231773
"8261",31.9089932018246,-1.3336238764766,0.33532094736073,2.83025371056225e-05,0.000111288013021929
"9902",15.9430024681993,-1.96467991723766,0.508543913787474,2.8498524219497e-05,0.000111972562637578
"11545",18.879389398632,-1.77649202281676,0.457593924407923,2.89381764769879e-05,0.000113612702580969
"15755",7.6556996740193,-6.83460192791506,2.89276321128719,2.91471244610522e-05,0.000114374509106374
"13066",12.7940460875434,-2.74284714991983,0.718778320763903,3.00040299169465e-05,0.000117526635439293
"4442",22.5486920318807,-1.7099587384573,0.440729601581042,3.02558629446224e-05,0.000118482824185641
"387",33.5222033508672,-1.21344757861791,0.30475361563714,3.07722483571547e-05,0.000120412804525332
"14267",14.862874275447,-2.47564535974726,0.651368762999139,3.08231659655707e-05,0.000120581294087137
"3395",29.5179560466107,-1.34829460895987,0.341202996339405,3.09813915491157e-05,0.00012116938326232
"13270",4.76811362500573,-6.11461516354093,2.66633529033816,3.14964235224636e-05,0.000123152300230672
"10678",13.0289308691276,-3.53910034995725,0.911147978151527,3.1821672028212e-05,0.000124392334758945
"6857",45.8122666808433,-1.09394249546071,0.273094257003331,3.23802517103323e-05,0.00012644698447229
"10810",23.7332541089019,-1.58971208317071,0.408290171729024,3.25255684691464e-05,0.000126982136646848
"6490",8.00979316441076,-3.63817019803671,0.947660339534715,3.25635817016999e-05,0.000127098202505515
"15528",10.3903440208211,-3.89219326668622,1.03660453388273,3.25777172961112e-05,0.000127121036743193
"8905",13.0207773474026,-2.57248875270532,0.678071116924675,3.27165583570096e-05,0.000127565477731029
"11324",4.3543353478218,-5.89705072320861,2.59789230061151,3.27644477502528e-05,0.000127719746400439
"7089",12.0687645479819,-3.48374568283942,0.895379472509162,3.33737656677962e-05,0.000130028869131792
"13089",20.2353479591883,-1.94897470913677,0.508650475592409,3.33952619607161e-05,0.000130079589810426
"3592",7.08397667009993,-4.71114754376689,1.34925434486066,3.37761739876378e-05,0.000131496533238347
"15292",11.7531364921698,-2.7851384813089,0.740431941645403,3.42677283772127e-05,0.000133274969959841
"13729",7.56208278819415,-4.76058850094738,1.37060838500647,3.47271271085827e-05,0.000134924869897945
"3335",26.2929381968366,-1.46080999213858,0.374525511041619,3.5241213956e-05,0.000136818306104987
"2361",21.8710114370396,-1.57550098926608,0.407476582664844,3.58908557525074e-05,0.000139199544947098
"9297",14.7274034058454,-1.83356739717966,0.482507914735467,3.62993447553345e-05,0.000140499709026513
"5539",8.91120262177068,-3.55673989419813,0.928885586680712,3.65365980618976e-05,0.00014134670299135
"5025",33.1871913757887,-1.31310205445411,0.33636520835902,3.71265124825051e-05,0.000143556472031017
"7158",36.3947705241029,-1.17022394399708,0.29611539604524,3.72708639217168e-05,0.000144042031524157
"16119",7.35680446406408,-6.80623562376362,2.91404604039904,3.78577952924103e-05,0.000146236695158976
"12960",12.5633306773836,-4.8547921702783,1.41469893156002,3.80846715561833e-05,0.000147002041682143
"8694",4.19413101258754,-5.68422276816931,2.54177816503255,3.85137021260081e-05,0.000148545935575501
"9608",7.1937346478872,-3.45813504667615,0.939914778148617,3.8599878397034e-05,0.000148840898277379
"15913",4.67908411576102,-5.68181175574178,2.54059984061439,3.86443801656526e-05,0.000148975056502917
"4256",36.8367701677818,-1.17332124363405,0.298099487612269,3.92524163381216e-05,0.000151205077548531
"9663",7.16448701109602,-6.41188283925431,2.7882317162494,3.95559334470488e-05,0.000152336015782648
"16091",6.75377728209476,-4.72412395439304,1.37277876464115,3.95733157259667e-05,0.000152364713471394
"3272",6.38351836004627,-5.45232695754513,2.4665572611192,4.05103621362718e-05,0.000155738032136512
"2327",13.2823530250007,-2.00013732855579,0.532322668273119,4.05242947414248e-05,0.000155752568691804
"6296",48.7414648487286,-1.05190460722075,0.265627483985068,4.0829708474502e-05,0.000156847826020101
"11531",17.6128555591656,-1.81964147350098,0.479616152107822,4.13512483226558e-05,0.000158771822576203
"2926",24.1429134266407,-1.46992094648099,0.382087839797649,4.17543915428544e-05,0.00016019945722481
"8249",5.62165594730372,-5.6220421299589,2.5281594037232,4.19437271988083e-05,0.000160885651602829
"12284",17.6513741528171,-1.96464278256265,0.521755787987322,4.21261301893822e-05,0.000161544917644512
"11609",8.86175867959113,-2.53228479879608,0.686156814771587,4.26114972981814e-05,0.000163161518104816
"3805",9.69658790872554,-4.07332890482833,1.04157720424267,4.36088316150453e-05,0.00016677225909014
"5255",35.9167656137835,-1.26175390561436,0.325758717623204,4.4248568062769e-05,0.000169134474286763
"7516",15.5063257946467,-1.87278384387101,0.497936051438691,4.43168082679214e-05,0.000169353123102047
"15355",13.2980970535851,-4.25654586660626,1.11329444248279,4.44955651985133e-05,0.000169951570037538
"11634",50.3080962222736,-1.09516256834774,0.27895941932944,4.4619059351481e-05,0.000170380843113433
"12340",15.6009088913372,-1.90449224532782,0.50867763495762,4.47313158493585e-05,0.000170724522158385
"320",7.69958929535133,-3.54646497479298,0.942991731835433,4.49826460721904e-05,0.000171598393507115
"14124",9.36206342944242,-2.92942613998831,0.791888507063148,4.51418657573727e-05,0.000172162974475608
"1770",48.664141091304,-1.09842561372602,0.280596033833572,4.60806558577115e-05,0.00017556878639803
"7152",9.97547644035946,-2.46385959006055,0.668191207471286,4.62516569887366e-05,0.000176162293515161
"12137",16.0165896645345,-1.86831725614805,0.500239715664337,4.80542042125074e-05,0.000182679795647299
"12822",9.21302398668257,-4.11464175351005,1.06818230482438,4.80994324287075e-05,0.000182806438383369
"8233",34.9197206842361,-1.29149612293271,0.335571235848832,4.96312350665787e-05,0.000188334106330474
"13724",8.58327229233203,-3.20348700165024,0.870768493604069,4.96649665420542e-05,0.000188383085699564
"5608",40.8743714333139,-1.26842457361165,0.328560340263225,4.98298430677995e-05,0.000188961760303818
"13664",4.0532779384341,-5.60007964783703,2.53628208054858,4.99170685798437e-05,0.000189199007712584
"4316",24.8769337814029,-1.44285244302094,0.378254820831887,5.04153658322511e-05,0.000190899051817431
"15112",11.6628773945761,-5.29876018818997,2.43586878041289,5.22708315519997e-05,0.000197680889450907
"14502",11.6583319654533,-4.45646997072025,1.20899840093762,5.27226555201324e-05,0.0001992913780846
"11977",4.23236857092069,-5.54228772308415,2.52339623302276,5.29533154837226e-05,0.000200064693293956
"8395",12.0152823943407,-2.0695209471386,0.563008238652847,5.35293997921425e-05,0.000202191428116899
"13040",10.9913804989604,-4.59046660632952,1.36072987360581,5.37235240204091e-05,0.00020282481029654
"3764",21.6060493012225,-1.60259418533238,0.426289922300117,5.41568117565634e-05,0.000204332791883547
"10578",24.7877861058025,-1.49852977199036,0.396210928269147,5.4162905858723e-05,0.000204332791883547
"15178",5.52161921799435,-5.59540535583642,2.54396911365838,5.42909931532747e-05,0.000204765660754841
"5243",19.037781737779,-1.90721038564043,0.520730726105835,5.48245774728727e-05,0.00020667653370179
"4216",20.0295852007702,-1.72003288781808,0.462159096962217,5.5725636893044e-05,0.000209764093927864
"7920",4.90329200741583,-5.41807201609803,2.48333195783912,5.58174502063812e-05,0.000210058164953767
"10629",21.9735985308765,-1.51098739678746,0.400959049046104,5.59292546949874e-05,0.000210427306224912
"15670",9.98148938811987,-3.4062510098278,0.910597077828218,5.60354704631893e-05,0.000210775244745456
"537",38.1419939272949,-1.12238124528141,0.290237973541536,5.6150605819765e-05,0.000211156555169768
"6579",8.71549497579222,-2.8518486073275,0.795343256196498,5.62488370761644e-05,0.000211474125768094
"11286",5.26437179757437,-5.9751712529981,2.6806471623017,5.64410041838294e-05,0.000212092659121356
"11126",20.1436516032901,-1.65610971738349,0.442679588915537,5.67924371199805e-05,0.000213361009483805
"4626",8.03636027617995,-3.48088807997599,0.941179407674655,5.75258485290232e-05,0.00021590486643366
"16038",8.13546091488243,-5.35596451916098,2.46704525054014,5.79718126009369e-05,0.000217419095755604
"4242",18.7990728576292,-1.85375125196066,0.50057719595763,5.86828616192592e-05,0.000219924559312236
"14399",10.1074521379893,-3.45324990374282,0.933414054086414,5.90208153267019e-05,0.000221029135845152
"2445",5.9400439408734,-5.34596059519962,2.46805026409696,6.1542445204686e-05,0.000229743488266544
"8287",35.0173945741783,-1.13891491941165,0.296894162075914,6.17932624581859e-05,0.000230567613301543
"8491",42.2789570625337,-1.11343854597976,0.290004173821846,6.17875424598304e-05,0.000230567613301543
"8437",11.0038046541903,-2.61616956152113,0.719199948207864,6.19177217146761e-05,0.000230903319569813
"1957",55.6443422428296,-1.01228394392993,0.261723008121625,6.22466017051839e-05,0.000231977073102413
"12221",4.98206215788007,-5.6873686134815,2.59357059211715,6.30394614665947e-05,0.00023461886197204
"8206",34.9134728977936,-1.17696506367855,0.308234064694431,6.34451020389777e-05,0.00023604224068478
"9625",17.2871336922799,-2.3411602169152,0.657534938902195,6.55266340887809e-05,0.000243550180916707
"5125",46.4963482698387,-1.00187065151758,0.25981160348352,6.5716526621889e-05,0.000244196819559129
"7390",24.20330027619,-1.56532878732518,0.421026196983515,6.61633360115474e-05,0.000245738093542767
"5976",6.69208448592634,-4.56670690962703,1.38028835812654,6.69013611658085e-05,0.000248238835397098
"3383",36.994448946293,-1.19003640479811,0.313115122546946,6.74003421729474e-05,0.000250029847669133
"13868",6.298046516779,-5.40257030353166,2.4996607394385,6.76881952417921e-05,0.000250915675185991
"15023",27.5418747332197,-1.3835681489448,0.36888341667105,6.78091923401771e-05,0.000251303487457811
"3187",14.3447152199239,-2.0846763906557,0.576076664220218,6.78266030496368e-05,0.000251307309971161
"12939",12.9283062687767,-2.30683520316018,0.641457592459308,6.81046457655201e-05,0.000252276576528338
"3868",21.2704891684023,-1.73506267872947,0.470768014720775,6.81486168699548e-05,0.00025237852489397
"16170",7.21713108199536,-5.33488931559088,2.47592708707406,6.8409387535074e-05,0.000253283116059517
"7185",6.53293711162935,-4.53453456741415,1.37201042023695,6.89801458303365e-05,0.000255211569200591
"6190",31.4345676451597,-1.44097760391149,0.385579630291334,7.00208418308413e-05,0.000258999463888765
"13323",8.87822264988871,-5.72596500745676,2.61862115318468,7.01595321649934e-05,0.000259449916126173
"13551",29.0841605750928,-1.3762706158709,0.367501353919918,7.05568211567706e-05,0.000260793376778687
"15477",5.88802619354468,-5.77013615673896,2.63669096043446,7.19820551906501e-05,0.000265741259092913
"12900",5.70761394814107,-5.33089151642795,2.47991671520373,7.21275355368605e-05,0.0002662142837965
"9507",22.0333647609339,-1.4183549666348,0.380653280348522,7.24133322662128e-05,0.000267140600375211
"6585",11.038840279471,-2.35525694397658,0.656513638970547,7.26658807343958e-05,0.000267943429009333
"13311",13.162408070752,-2.63204893270443,0.746230631328892,7.39373675290496e-05,0.000272369995197649
"10002",6.34614211107717,-5.39158490232395,2.50556078565587,7.44790546172833e-05,0.000274233773696419
"12051",44.8450507632469,-1.03786553679153,0.271740489361544,7.51143180214973e-05,0.000276506473465411
"6841",8.42292776932863,-3.38822469467352,0.931105610043272,7.55547671701702e-05,0.00027806111602109
"16115",10.2088572507309,-5.94171535312248,2.70470808115232,7.66207408309315e-05,0.000281848963454563
"5474",29.3936562861037,-1.22711847253508,0.326592823827234,7.73355526396872e-05,0.000284342052276712
"9962",39.4624410324165,-1.00997512293433,0.265153846468763,7.74929488171197e-05,0.000284784266754747
"9684",8.45109192216726,-4.03125642334726,1.09090352125496,7.77035236825569e-05,0.000285489742303992
"3024",14.0100825421701,-1.8392005038231,0.510253065894728,7.85692142400885e-05,0.000288532181447027
"16277",6.52063134505288,-6.16365079387922,2.78774275284756,7.92505290952787e-05,0.000290825369028668
"4029",20.4615705386453,-1.59630029126648,0.436464064560512,8.00126298091856e-05,0.00029350185948724
"9195",35.9153033330372,-1.10890922399229,0.293477894007347,8.00181371462638e-05,0.00029350185948724
"8657",44.6605654435757,-1.24425114962538,0.332239478972506,8.00426105521377e-05,0.000293521456429601
"11709",74.6112155362175,-1.1746759648344,0.313218967310239,8.06695840064295e-05,0.000295585717723739
"10338",3.61374392817122,-5.70402631462359,2.62915749072256,8.15751986516971e-05,0.000298713191626011
"11642",20.1846432360778,-1.52481480000951,0.415109550360693,8.16162455887894e-05,0.000298792187083941
"2180",4.3176677836663,-5.43801843742111,2.53429342047201,8.29303845694979e-05,0.000303308480295622
"9236",22.7141839840706,-1.46310660413263,0.398010769046617,8.3113377783308e-05,0.000303838111824945
"2119",11.1182141590618,-3.99991185859659,1.08737432901397,8.37679398963671e-05,0.000305939419621509
"16138",10.5574441984664,-4.36221755062449,1.33065366260037,8.44814598644621e-05,0.000308398534071007
"10995",9.69558101103237,-3.32106462077994,0.918001525155747,8.56758130517901e-05,0.000312609750214891
"968",3.73064766053142,-5.43111317717678,2.53794525467491,8.72934234990633e-05,0.000318058180181935
"4900",11.7401438464234,-2.21916753002112,0.63315836671693,8.97503441409473e-05,0.000326467408761156
"15044",6.11898031187711,-6.14708360525944,2.79932062395118,8.98706996668879e-05,0.000326750271324422
"11341",6.94397104965347,-5.90944397647784,2.71687282186183,9.01947735747937e-05,0.000327773190657996
"13476",12.7872919578755,-2.18062435476228,0.620318278574808,9.05644790462089e-05,0.000329038788066773
"2128",22.460192459678,-1.47917545694777,0.404862478953982,9.15978692954901e-05,0.000332321141783094
"5748",42.2345480465476,-1.11324645574469,0.297409168872158,9.17110739764569e-05,0.000332653193385527
"14676",9.74861356047145,-3.50128543726354,0.994809269942834,9.18032208109883e-05,0.000332908725337507
"4409",21.7476470899806,-1.36694982451809,0.372351603406721,9.29697190889845e-05,0.000336820401412583
"12571",3.52708115298198,-5.47890308923887,2.56424545382985,9.3961996268445e-05,0.000340094104446037
"9503",3.76498026239568,-5.63611894235551,2.6226434191095,9.41979435614939e-05,0.000340867700015094
"450",21.7527287175908,-1.51372734857333,0.415772615387581,9.42721314564727e-05,0.000340894959447716
"7907",7.26958999390463,-5.17164347029135,2.45110872824284,9.42975419013582e-05,0.000340906499856866
"10535",15.8524237024294,-2.07255500091396,0.588523212694747,9.47403278845452e-05,0.000342265328639646
"12192",34.1405952570792,-1.15561872847752,0.31043437975048,9.57649340833987e-05,0.000345722678503903
"2200",31.4522150716352,-1.2824553221665,0.348129267802184,9.65725968053063e-05,0.000348474447973616
"5937",35.2155177016086,-1.48140036835526,0.406277533630929,9.65641285486054e-05,0.000348474447973616
"12902",15.7637065531349,-3.82856516209641,1.03390829944994,9.66987222432046e-05,0.000348765513722964
"13556",33.9469582874874,-1.18827004813114,0.320136711948165,9.71243088149408e-05,0.000350054268925147
"13060",8.8762521815655,-6.6357360506453,2.98870630985151,9.84811469848765e-05,0.00035452750778718
"4746",24.6054922530934,-1.48186076056381,0.409455927089703,9.87517266426899e-05,0.000355334836275514
"3638",10.4575251191402,-2.10619865330736,0.604255802391243,9.91792770511578e-05,0.000356727300079349
"4637",39.8915444833245,-1.11943758485371,0.300850505335629,9.96157723981255e-05,0.000357985520875795
"10609",13.4952088062602,-2.051203027569,0.581067851102501,9.96283760763635e-05,0.000357985520875795
"292",9.72068306677845,-2.70865832552829,0.770286057610891,0.0001002678276067,0.000359996279251992
"16211",6.36642082279952,-5.40997790047929,2.54820271270221,0.00010028182868559,0.000359996279251992
"3224",32.2735460537259,-1.20950992855141,0.327285157143704,0.000100318587638656,0.000360043997693545
"11810",33.5449356487761,-1.20138938949446,0.325640721892925,0.000100815751253846,0.000361574584265488
"9107",11.8615791048237,-2.35818742837705,0.681365022160761,0.000100984952814182,0.000362012180146728
"2065",22.1705605768215,-1.39795505877217,0.383083705213577,0.000101047423980739,0.000362151512762549
"12172",3.80061917984439,-5.47574813724323,2.57457372969709,0.000101151591234688,0.000362440183165302
"9199",40.905313095029,-1.05337106138166,0.281694338209004,0.000101759914784832,0.000364482579791025
"12853",52.0760638996386,-1.01991090021959,0.272672969160608,0.000101769104596543,0.000364482579791025
"9485",20.4772085341394,-1.48895550205111,0.411798547528957,0.000102528649512596,0.000367031514109136
"6145",34.834475494184,-1.22974587657301,0.333967944866037,0.000103222145146288,0.000369427891994283
"3090",12.5189592850141,-2.35414464320596,0.669407843159157,0.000104031986734485,0.000372152663200562
"9618",30.6633608240428,-1.16882485359868,0.315960198475026,0.000104230632096354,0.000372602653367745
"328",10.4838515701836,-3.28165703392642,0.922143999352293,0.00010570856137212,0.000377407115484173
"5746",34.9753503679314,-1.10471823439893,0.298031348932238,0.000105653441684436,0.000377407115484173
"9439",23.1022942151181,-1.400006172078,0.385768558410263,0.000105697895554794,0.000377407115484173
"9638",3.32193962481418,-5.71540940986135,2.66640902416063,0.000106005772664273,0.000378331372409383
"13423",4.60194754441655,-5.3494093515217,2.53026918497766,0.000106119582507354,0.000378649477769843
"3938",29.3496624245958,-1.29277555973148,0.352407131120514,0.00010625351289652,0.000378951072411321
"6642",29.4962897938489,-1.2152081942877,0.329835156471923,0.000106278202736487,0.000378951072411321
"14346",9.89705281953417,-3.08416481029113,0.892546933642062,0.000107027767078535,0.000381535090679823
"1877",43.620494047497,-1.02428903977297,0.274718400172256,0.000107596451628207,0.00038346789142452
"8957",17.0186969257444,-1.68743914295015,0.4742341205963,0.000107619940068695,0.00038346789142452
"10341",42.3504060732569,-1.09168330011935,0.294612390691076,0.000108253446560789,0.000385635623538932
"5866",23.6820090869979,-1.58847899890514,0.443007160759646,0.000108582731482959,0.000386629113284529
"9257",40.1637542972854,-1.11192529360661,0.300739856448322,0.000110183377830868,0.000392146501057531
"15397",13.5686239985133,-3.43929211737703,0.99127252426846,0.000112262265137282,0.000399360058892027
"2451",41.4460727826164,-1.06423378899528,0.287293290790128,0.000114324430226886,0.000406130987027347
"684",42.6490964993004,-1.04381183361547,0.281359116867515,0.000115031206701522,0.000408358122263177
"5202",31.9923102259719,-1.15511986323239,0.314591166736568,0.000115313567849603,0.000409265804190713
"14014",26.7037277051883,-2.09968695274377,0.597817764653167,0.000115414856634578,0.000409530560902944
"6093",20.0647186710481,-1.53027939820917,0.426971334742008,0.000115909481811991,0.000411000503684165
"14759",8.7398409155162,-4.64159391372928,1.49143019820735,0.000117021844635789,0.00041465731229721
"3496",7.49372952350555,-2.52280907817617,0.738364727070964,0.000117435608310769,0.000416027369732653
"4540",18.9093437101886,-1.61000296577403,0.452468994717288,0.000117886425209952,0.000417528029085015
"13581",13.7082918817726,-2.26683158348392,0.66771704390584,0.00011898443121448,0.000421125289071226
"12602",3.68879064248823,-5.79370019306563,2.71182319176354,0.000119117915380753,0.000421500501772808
"12862",6.98591018043765,-4.61314305214231,1.48346541297619,0.00011930881785928,0.000422078670144092
"6916",38.8602428278189,-1.09018860478276,0.29671115226347,0.000121567608255541,0.000429574346721502
"2161",32.0323927774747,-1.20103483708109,0.329741079724979,0.000121952542969689,0.000430736157178624
"12890",11.6400833585027,-4.04250581673685,1.15345407936257,0.000122846005881646,0.000433293394998181
"16220",6.43479215227236,-5.39092296157017,2.56666045811872,0.000124746817089769,0.000439896670790239
"12644",8.88377624763753,-3.23531226418453,0.923324669165964,0.000126596283881182,0.000446110882771928
"795",39.7563035224337,-1.03428512880512,0.280939882494638,0.000128501083369077,0.000452435721578131
"6321",44.8822977797804,-1.06541673563517,0.289505846125917,0.00012850908392345,0.000452435721578131
"16121",7.4480840481557,-6.43632841886938,2.96058804896977,0.000128840165060859,0.000453497282066703
"4940",6.34453662539817,-3.98305139572354,1.1396195319137,0.000130882785726565,0.000459737770467648
"8653",24.946827244503,-1.43130074132546,0.401960507526319,0.000130999054394172,0.000460040854101574
"9950",21.2523362279117,-1.55635853554836,0.438904731602748,0.000131741305283876,0.000461997453288382
"11375",5.19069726579747,-4.54995904996181,1.47317173544889,0.000131766985308607,0.000461997453288382
"4891",5.88507983787713,-3.37343600216285,0.983404877669994,0.000131940349848161,0.000462499608800624
"12171",3.73421837583996,-5.38366213028414,2.57247462946204,0.000132051204418676,0.000462782464457685
"10585",6.1744713713075,-6.25700580464144,2.90070897291982,0.000133508977605507,0.000467677681141846
"6575",29.7123305165619,-1.26847039728434,0.352479569459912,0.00013519829428057,0.000473163190955013
"10245",9.53358782245225,-4.69697639603019,1.53851649405736,0.000135459637758231,0.000473969719982791
"13912",3.95276226848699,-5.3163776979147,2.54990769035863,0.000136663821426463,0.000477856201491847
"15660",6.86368791470213,-5.77898759045543,2.72639292986463,0.000137995966829865,0.000482404219428258
"856",34.9436190915845,-1.1793465021003,0.326032131945601,0.000138634068506872,0.000484464493405245
"4835",11.1879168797484,-2.16653489162093,0.632283910057189,0.000139058370493609,0.000485675524353163
"91",22.6282547073305,-1.47334430526403,0.416089475076519,0.000140240856761763,0.000489471215945343
"8696",24.9731276350036,-1.32322825621744,0.369719536976601,0.000140666877204421,0.000490623300056247
"14855",6.79046484179194,-5.77593270050603,2.72837977239158,0.000140945334090047,0.000491371111325515
"6146",8.50048786999283,-3.31885363526771,0.967836304043398,0.000141930552063529,0.000494693425786172
"9813",17.8669315912108,-1.58363058322523,0.450970148692366,0.000142333348970229,0.000495984686179928
"14996",3.97442397700135,-5.48103475073927,2.61851867056357,0.000142427984588356,0.000496201763746399
"13508",9.41238919125117,-2.96133374384861,0.895569770134398,0.000143660694126378,0.000500382753684679
"2670",32.2128016021051,-1.25172262599801,0.349350325767257,0.000144869598126424,0.000504364475619178
"3482",11.1761479099213,-2.1023289050215,0.620261660647542,0.000149412133847506,0.000519707633104121
"14239",3.97146815453496,-5.62609139344463,2.68178193338914,0.00015030741641631,0.000522584792675152
"45",8.91815020148676,-3.31080188754905,0.972272146133078,0.000150563791086906,0.000523357554745446
"2781",51.531696269503,-1.03183562449487,0.283607799227409,0.000150835071318372,0.000524181766531775
"9044",16.4208776016127,-1.75927429756497,0.511333600575819,0.000152511326770771,0.000529287782547826
"4462",49.253269789715,-1.00189465021063,0.274795154435189,0.000152835030005627,0.000530291240474069
"13465",28.5261907914354,-1.28181492144041,0.359559805722187,0.00015321042740234,0.000531473567179312
"12136",9.97020308497209,-2.12163306376475,0.629254535685945,0.000155144511882425,0.000537817949799377
"1721",11.7737307242427,-2.38800932277224,0.708652925723617,0.000156419404109269,0.000541625573741484
"14107",6.90124597297137,-6.10099975291925,2.87098825500236,0.000159166316139908,0.000550143903702323
"2409",8.01386217798046,-3.35896062950486,1.00014385773899,0.000161599945519231,0.000557801566727012
"4008",27.3450357805586,-1.24215262734119,0.348016653901682,0.000162330841991145,0.000560072432801919
"4396",7.26418833095534,-5.03378266531127,2.464613532494,0.000163463862900761,0.000563728039668774
"13228",11.0781494441415,-2.46516291919811,0.731259133288405,0.00016571455469796,0.000571104764764332
"5979",4.39770004276058,-5.03050811116961,2.46573290172673,0.000166545932861108,0.0005735834450927
"14035",11.2791449733786,-2.86507472771727,0.848289355276227,0.000168089462674596,0.00057850978596149
"6316",25.317574847942,-1.34646818712684,0.382293080381891,0.000169263311186543,0.000582288561330747
"8572",36.838151446889,-1.17275042098551,0.328398521500473,0.000169944734034545,0.000584367755188468
"8970",28.3066529417173,-1.20290159901105,0.338126073993738,0.000171780654435791,0.000590154630767655
"12887",4.62026618036149,-5.16296867386412,2.52267407516063,0.000172766847548549,0.000593409837013072
"1587",19.7751263068443,-1.42762031382916,0.409346199401139,0.000173430982384485,0.000595374994371334
"9819",42.0742868316231,-1.1487891987345,0.322849094019227,0.00017344058133256,0.000595374994371334
"5977",15.0190968127431,-2.68410898373618,0.840784288614347,0.000175472513413087,0.00060176011919915
"15596",4.90912940490866,-5.09538531070159,2.49844244725193,0.000176019995757304,0.000603502747464652
"7524",15.6277439332951,-1.60526265423676,0.465149190882382,0.000177157069434129,0.000607129979077025
"12445",30.5703542091809,-1.22634259542882,0.346040492875067,0.00017955267877735,0.000614379293149169
"12366",9.96789574677466,-4.94800959645921,2.44258899020657,0.000180083645286907,0.00061592815452953
"10905",6.20784755501189,-5.90185039357464,2.81654211363843,0.000180569081167683,0.000617168949065663
"11873",40.1605565505232,-1.02473195538979,0.284970165148751,0.000182390620175684,0.000622978469580482
"274",5.43675046720938,-4.94599668734157,2.44631009631499,0.000183846425749828,0.00062767149761451
"10700",3.53579248057942,-5.21700492932306,2.55357011644629,0.000184571851608638,0.000630007990930219
"978",16.410785148985,-1.65273424027406,0.483536455711923,0.000187595048339052,0.00063990013932105
"8980",21.3154742202136,-1.52826451994662,0.442744678767386,0.000188920585671931,0.000644278405415521
"15676",6.0927948882979,-4.42186876828024,1.48161745740383,0.000190272348013045,0.0006484559385971
"4202",42.7407448719725,-1.00872012250501,0.281915970889123,0.000192834154872929,0.000656894857507847
"13675",14.5617265763307,-1.76561302413175,0.520831595185585,0.000193836017398856,0.000659868208331627
"13661",15.327171513007,-1.63367514494637,0.478468596440216,0.000193906708859391,0.000659962429908971
"14419",3.99697519734687,-5.48883924721232,2.66914951545396,0.000195730050143165,0.00066572515170618
"10112",4.42909191190234,-4.93573199201827,2.45018528716753,0.000196259595332405,0.000667378318081802
"13303",6.99325469614438,-6.58636441854657,3.10602907245368,0.000197640544546826,0.000671627657803312
"895",33.3891351951409,-1.27218479240655,0.363378474409047,0.000198303478795481,0.000673730002939656
"10485",11.9032561223305,-2.24507471634943,0.683271981359907,0.000198582694598633,0.000674381204786815
"10220",26.3010843842133,-1.22906977210281,0.350675752198089,0.000201273735213059,0.000682613377403617
"7696",11.4036790648807,-1.98478141327531,0.595402517744421,0.000206698627468348,0.000699619907621192
"9835",7.11278096272575,-3.91745713804382,1.17724016796934,0.000206941251381535,0.000700041192445989
"7380",19.2407416675407,-1.38952604149974,0.403382939193309,0.000208954884832515,0.000706321832558994
"1688",2.89151999813469,-5.31586608976487,2.6128117319946,0.000209417973299633,0.00070757541606172
"14928",4.97569881987929,-5.5787968452023,2.7176789790118,0.000211762474069763,0.000715181958981373
"8070",13.7647248060894,-2.26835143583269,0.684662250368381,0.000212938369024707,0.000718836830791218
"1466",32.2070381551452,-1.17759107552385,0.335748368924023,0.000213915132888069,0.00072181655682904
"12081",8.96419265799535,-3.646772800079,1.05881090828902,0.000214018687000115,0.00072200719319322
"3530",27.3519237093843,-1.38540538908178,0.40295591059408,0.000214069439837066,0.000722019656060695
"377",29.2104827712408,-1.1941645855359,0.341288928301897,0.000216185269056734,0.000728675435662889
"10452",10.1441336848976,-2.11685949018423,0.644541561790602,0.000216721917378446,0.000730323825683613
"15701",9.83375959090334,-2.73421407292449,0.869177505203261,0.000217450327925257,0.000732490710051667
"9162",5.49968140605153,-4.15686873016742,1.38768238853774,0.000217739446318843,0.000733269605985515
"2242",6.62564741688282,-4.76104150060846,2.39346205544527,0.000218518104087192,0.000735568949322024
"12209",8.15202843918515,-3.1673224989039,0.955171477529035,0.000219473844278836,0.000738462103677671
"4232",6.33354809516729,-4.42923225698978,1.51210325645512,0.000219767850566427,0.000739289219741435
"8294",13.810197115131,-2.51901229849455,0.76005081105546,0.000221931929699943,0.000745751554399086
"12961",3.63033849191969,-5.60216146347602,2.73834055883339,0.000221914434008079,0.000745751554399086
"7031",28.0176052893397,-1.2172094377216,0.349472510456005,0.000222549537061391,0.0007474994630326
"15100",4.98428184613897,-4.91708138445365,2.46014296971429,0.000223009657933182,0.000748880976508824
"15673",7.62770599061351,-3.56068861270797,1.12883875630316,0.000224244333863483,0.000752368426518131
"142",3.09210092432479,-5.18580239604241,2.57267707404008,0.000227441742038728,0.000762429243631243
"2254",37.1282486275224,-1.03313544419994,0.292307371511398,0.000228518465361728,0.00076587130057776
"6932",3.22087043288611,-5.12109651868895,2.54805437424887,0.000229561381969691,0.000769030629598466
"1583",31.0008712873553,-1.13163583768644,0.323502802839605,0.000229811746111015,0.000769533308725731
"3094",29.6660952273701,-1.23108052718309,0.354524693020513,0.000231254367938582,0.000773857310203199
"12181",9.82175355745516,-3.16915145868067,0.960459815969002,0.000231589744948538,0.000774810609844183
"6533",9.53046097541476,-3.0700752475754,0.920307813864739,0.00023386542438342,0.000782083087688494
"12802",4.99956188762477,-5.81471563756362,2.83060743909157,0.000234426926789162,0.000783790006041865
"13111",8.97168541027866,-4.18336548259349,1.41234757340639,0.000235024884495302,0.000785618039828196
"16048",11.702879121053,-3.69553291827662,1.09585248789647,0.000235748305521248,0.000787864572339905
"1560",23.7082196744307,-1.37546602801563,0.401446773774332,0.000237232143651595,0.00079230578581768
"14183",7.63181686503343,-4.98395796887542,2.49650185870572,0.000238103865402376,0.000794698195968819
"5114",9.68127306768437,-2.41812850606824,0.741674833533105,0.000239916949465433,0.000800053413529262
"8424",27.2467858589772,-1.26117841287067,0.365094506971754,0.000241055774203272,0.00080367638930917
"14344",8.86326135476102,-5.35645340934888,2.65086680466856,0.000243154449333846,0.000810321180740485
"2255",21.0666830801652,-1.43531737187407,0.421493061613023,0.000244056521858935,0.000812884458551626
"8948",17.8129943790844,-1.62800583244376,0.486948924918282,0.000244082558857286,0.000812884458551626
"6183",7.53905859712405,-3.65847049851645,1.08623095587065,0.000246427824362348,0.000820034334972682
"9125",3.74886844611312,-5.0412980461304,2.52853995293312,0.000251761513865201,0.0008370047469629
"15024",5.93749769154692,-5.17209703127687,2.58404484671623,0.000254045202754034,0.000844414113053542
"9854",7.92498865465026,-3.71426450603039,1.11701217221147,0.000254647378925133,0.000846049098061568
"15047",5.46845096378637,-5.28859876422012,2.6313010352494,0.000254733218709654,0.000846151066174979
"12225",49.3797919446399,-1.1176522855824,0.322066979413161,0.000255629450318324,0.000848760583474149
"8731",45.5096499790295,-1.17810980062877,0.340232680716717,0.000256330022172263,0.00085058041417748
"12647",9.93915386197531,-4.71439456774379,1.67298354579785,0.000257057602720603,0.000852579939157417
"2408",21.7624671179277,-1.35878854608133,0.399853889841987,0.000258654240008499,0.000857319508414429
"13163",13.0863467303081,-3.57272772195994,1.15289278669488,0.000258609124114784,0.000857319508414429
"7386",38.6125944691419,-1.07348513082402,0.308058500761496,0.000259027223086585,0.00085837034207721
"3212",12.0238206362784,-1.75777702428596,0.533608784441463,0.000262150711040689,0.000867971160875548
"10122",9.6508329916042,-3.02754206563639,0.915101405489309,0.000262121084964955,0.000867971160875548
"11041",9.27840226037158,-2.77644292302687,0.855363584601919,0.000262632888458368,0.000869380023218282
"184",23.4548571434835,-1.36598762101552,0.402244019969044,0.000264231582758544,0.000874294840255412
"15067",10.142794022548,-3.12142491320725,0.957875050225403,0.000264834092766317,0.000876099500930055
"12160",43.0630697866591,-1.15312762979571,0.3339772736079,0.000265598896645869,0.000878440153317
"13979",6.95155113060414,-5.87344086539512,2.8782354589108,0.000267051148567438,0.000883052968204785
"4903",21.2839371922906,-1.449414234426,0.429660617844395,0.000267937675072424,0.000885793524808491
"13076",7.5452287422638,-4.23138115264522,1.45850183843333,0.000268771445001941,0.00088835852664041
"7070",29.1046804954102,-1.17641685593388,0.341721579946793,0.000269002627436337,0.000888739731428881
"8916",9.74578324575791,-2.25892155278489,0.698024097480829,0.000270865015885216,0.000894315028777031
"6025",10.9960762858372,-3.02857416281732,0.918955279699919,0.00027177541829719,0.000896934876948545
"10593",32.7581007411827,-1.24931814925127,0.364856332985732,0.000272152914959677,0.000897987564349746
"13178",9.79361663966173,-2.74261932638069,0.845729185479003,0.00027571298943485,0.000909147731979131
"5390",3.58183506227043,-5.27292221129773,2.64076071203593,0.000277283739102031,0.000914130728199928
"13963",8.39684470339363,-6.41726894774076,3.1141651480384,0.000282375141467102,0.000930316039409438
"14978",4.08104953288898,-5.57441189428449,2.76824536947842,0.000282329397912348,0.000930316039409438
"8134",21.5942639247643,-1.44488119176982,0.431581834117451,0.000284029342183043,0.000934762376043421
"11072",6.08307142023216,-4.3685328720268,1.53485039259365,0.000286017252405823,0.000940901094267269
"11796",9.61415741438523,-2.91672127804421,0.923974892240197,0.000287763992020715,0.000945633525288891
"7617",21.2105766760577,-1.43131289555709,0.426335234026433,0.000289315156390573,0.00095032379458372
"7427",17.8476290528575,-1.69216624131905,0.513791398513923,0.000290143928812174,0.000952747365736643
"8043",3.38715957234904,-5.01859162393672,2.54365454166948,0.000291113590007627,0.00095541300780471
"10487",38.1092180996873,-1.0573038029019,0.305982440960186,0.000293386206572133,0.000962254075980385
"12912",6.22064399736864,-5.26731024561591,2.64862541312232,0.000295040703280722,0.000967266989409426
"12641",8.02557801398781,-2.46126357552325,0.77731631625554,0.000298983432324007,0.000979376374497318
"12275",20.8825986691099,-1.53959063964833,0.46490255886748,0.000302442460723251,0.000990263481621178
"2858",13.2146536312385,-1.6968994255002,0.518388485141768,0.000303147323817953,0.000992359588081683
"7269",18.3581924196867,-1.77420995300778,0.543209560600002,0.00030553111911834,0.000999736395954937
"3302",4.16512436142833,-5.14110484774716,2.60353393585055,0.000307132951799802,0.00100476351374507
"14881",7.94027910898605,-6.48911101949295,3.17319978139999,0.000311771860594378,0.00101841934364478
"3959",22.8515965876137,-1.39565050450478,0.416985822144836,0.000313401903710726,0.00102330823763219
"12854",4.48473981123305,-5.46192411668143,2.74158566497501,0.000313572105201147,0.00102340210668032
"12420",15.3243700525474,-1.77259781843429,0.544331310168731,0.000314224392122899,0.00102490324156923
"14334",13.6028351128089,-3.35171279008687,1.0863382190675,0.000323810811694224,0.00105370716518016
"15078",14.3443983361475,-2.57893695601318,0.842806618428211,0.000324490824756455,0.00105569608232364
"4740",37.3334163266938,-1.08462552540045,0.318016984088771,0.000326148120807286,0.00106086296746792
"10860",29.0514660749605,-1.46706633391761,0.44503552302614,0.000327080301783273,0.00106321887081796
"6653",22.0089862701334,-1.48652552415143,0.449205902162279,0.000327669629161666,0.00106468342232686
"7832",19.2983086464636,-1.43111689617431,0.430366779414764,0.000327628339314646,0.00106468342232686
"14977",6.27554010525385,-4.2005021148994,1.48555437108684,0.000330188547708496,0.00107264088238227
"14667",7.72208023730355,-3.63927991415783,1.22371035664839,0.000330758364023539,0.00107426451719161
"8079",7.51479517247705,-4.10150532403591,1.4395357310811,0.000332745098368183,0.0010804884749763
"6935",10.0180832458465,-2.31228923532536,0.726237093107284,0.000335229586164872,0.00108786538505237
"9435",3.1407410880548,-5.29201420218087,2.6848465868116,0.000335186243940078,0.00108786538505237
"14731",20.5715525723984,-1.41219637984618,0.425821019241915,0.000338077839677813,0.00109641265994012
"6507",13.0468388775708,-1.76969948226902,0.548748701500409,0.000338746366284172,0.0010981165218462
"11099",3.0768478250652,-5.12154576543809,2.61402481458062,0.000339406217081472,0.00110002314927778
"13355",4.00336420461404,-4.85410623635862,2.50031516307557,0.000341270706630865,0.00110536551653734
"15312",10.1094735732295,-2.45144193646922,0.7859684236366,0.000343450630277109,0.00111219143527684
"4971",33.1558466680908,-1.09562106543644,0.32210541275247,0.000344079538190808,0.00111375788068809
"15445",5.1801997734418,-4.09430281512512,1.44443325427036,0.000344961173651604,0.00111614071854419
"10989",7.81374830509697,-3.56799648882326,1.09525610087364,0.00034599376048397,0.00111924568144751
"12976",4.53273499439562,-4.84887930967628,2.5039109981766,0.000353169892186999,0.00114197800965756
"9495",17.8826429280909,-1.46239421894549,0.444511758937969,0.000353657750119937,0.00114331455122002
"14379",12.8946169472203,-3.52779109187957,1.22470099441976,0.000353775447984565,0.00114345411805923
"10693",4.0706047301098,-5.65678743552099,2.85071414507405,0.000354996574473809,0.00114715931806058
"14268",7.37416787069198,-3.0660124614896,0.97111834232545,0.00035761907855577,0.00115514726784867
"846",3.68738831168054,-4.91569538248764,2.53655401121136,0.000359658429294558,0.00116100132141098
"9163",6.06441527586618,-3.98563996937183,1.39853243438039,0.00035959322750761,0.00116100132141098
"1039",32.6448544330969,-1.06202755332087,0.312564247282573,0.000359986219329396,0.00116157067574572
"11385",11.1222095149768,-1.9823048495943,0.625511816526103,0.0003612865081394,0.00116503129348105
"9833",13.3998509837305,-1.81248672456686,0.567346147166877,0.000364111339419974,0.00117364711779846
"6889",4.20046902737841,-5.21554411115886,2.67096595196157,0.000366594826917579,0.00118066003975576
"7420",30.5992906719203,-1.19943887354332,0.35714061198106,0.000367858135155471,0.00118373476671359
"14692",7.57507940820887,-4.15174557079179,1.48496938571155,0.000368315935999898,0.00118495940575518
"8368",5.64660435012019,-3.0920374484345,0.988709013164516,0.000371925749706178,0.00119582078326527
"6178",15.9325629679888,-3.39428975611297,1.02378778464295,0.000377664519621675,0.00121300119835783
"10802",13.4246793706459,-1.93890877661347,0.614627736701258,0.000379077444771676,0.00121677515379327
"11349",15.1165584937123,-1.82023587031722,0.568438242490785,0.000380019528355627,0.00121954394970935
"4561",10.6854356276845,-1.98375087675499,0.632206755960196,0.000380785404758355,0.00122149079347845
"12527",3.78275917059164,-5.16184628015277,2.65489635132281,0.000385419594336992,0.00123532334153174
"90",20.8641449516022,-1.50671810176067,0.462451302551532,0.000386270122438807,0.00123779082885936
"13852",6.06281558406415,-3.05814126845104,0.978177602555019,0.000387239795571906,0.00124037999654692
"11882",18.2323075562022,-1.5029169436266,0.461857344936142,0.000389639281861531,0.00124728468633454
"8127",3.61925504154947,-5.44939604800047,2.78777690335541,0.000394247050637557,0.00126071957022343
"15686",6.86292805506526,-5.27006012968685,2.70634253000974,0.000395073598733481,0.00126283629695163
"15723",5.2480325295726,-5.64046261204415,2.86756654891672,0.000396471846571777,0.00126677791377567
"7695",12.2008067012209,-2.05036767875127,0.655563804829649,0.000396910447656336,0.00126791526096006
"13633",12.2111523926762,-2.67820682908477,0.897716387046971,0.000399894367595801,0.00127691556337614
"15590",13.3771426163122,-4.94147095295811,1.89860679720861,0.000402824385253854,0.00128546891492302
"7312",12.3480049415073,-1.74281496166841,0.548236043654365,0.00040444290992782,0.00128982905155322
"2742",19.5386260626356,-1.46007228819799,0.449261568906781,0.000407007397152838,0.00129719869017781
"16051",5.2840636548765,-4.58407360616646,2.41503456029743,0.000413504138261602,0.0013168107084574
"14391",4.16362613134741,-5.14978017057891,2.66344431231283,0.000414090629285976,0.00131813122928106
"14852",21.970355524243,-1.51720664201682,0.47289416390803,0.000414301325359771,0.00131852836237191
"13340",5.8602520307527,-4.1936124023613,1.53323029877696,0.000417152892537312,0.00132705304379017
"8087",17.2042050255054,-1.5151936348964,0.469930489516796,0.000417964997844832,0.00132936089592315
"1727",38.2207258618114,-1.00108696511855,0.296542690608779,0.000423262429674904,0.0013450943368894
"7270",30.6227817977391,-1.07109000812188,0.319909217940806,0.00042447925358015,0.00134868196058816
"15754",5.92035476491308,-3.78594672499224,1.24017361898148,0.000425582071344577,0.00135162610652864
"15618",10.3265699836199,-3.16757798655291,1.04274479537213,0.000427214820286363,0.0013565308335376
"1173",24.8859374375741,-1.24815160314227,0.378848667510754,0.000431367040182773,0.00136914863415893
"9268",16.1400775951398,-1.71707898535088,0.540850368436409,0.000436580657243209,0.00138455085243542
"7098",19.971771690256,-1.30989371487887,0.400689527786034,0.000437759844059786,0.00138771679491928
"4584",31.0324046238421,-1.11832088011959,0.336086705774673,0.000439489186826286,0.00139262341872691
"6191",31.9477651357329,-1.42440697809976,0.438564236380117,0.000443106910528427,0.00140321761160736
"6931",34.0342714693496,-1.07291193786436,0.322043108704772,0.000443956525445229,0.00140561802928315
"15934",7.21957093165239,-3.53903226282823,1.12415881004556,0.00044487876411808,0.00140824734430858
"8098",3.90176659574081,-5.24051483738316,2.72256810937955,0.000450289890422413,0.00142390721120179
"3616",15.0231788657086,-1.97139134009423,0.631420418355885,0.00045073599395603,0.00142443714835579
"13169",5.34149355402051,-4.151523410971,1.52897002759784,0.000450664925847233,0.00142443714835579
"8900",36.6844526970795,-1.02559154862738,0.306699374167902,0.000452437827271985,0.00142893239683699
"11814",17.1132349919076,-1.60499736615744,0.504062461234015,0.000454538183447386,0.00143497517461589
"11442",3.29700371589149,-5.00675632973563,2.62181832619938,0.000457504139011205,0.00144374455056539
"12012",40.1511871168888,-1.03967370955866,0.311156860420416,0.000457882856339843,0.00144434553141904
"5065",23.341456555817,-1.26190883018117,0.385726426243354,0.000459639801178342,0.00144958961345926
"9087",13.9499756870206,-1.59122127863601,0.500890632757016,0.000459894624938322,0.0014500951973754
"11760",18.3687732382319,-1.4077808602732,0.436465972699327,0.000462122600943763,0.00145592342223412
"12909",12.5717266461549,-2.35328196632785,0.772315215515964,0.000466745934578969,0.00146958400866922
"15623",6.94020411886187,-3.94627602797411,1.43405889073614,0.000469079588099108,0.00147602299429955
"11015",11.164553514144,-4.0980546567431,1.42573615820054,0.000480775784338882,0.00151034866075173
"3749",32.9854596000942,-1.0199427672728,0.306561739642762,0.000483555351777117,0.00151814809951224
"7121",36.4766012901363,-1.07476271711118,0.324494893869496,0.000483667843848062,0.00151819061541751
"6261",17.9100866020979,-1.42357299887319,0.443163437115812,0.00048390995668597,0.00151863989884083
"15831",5.22494303870878,-4.72346351444202,2.50582038259823,0.00048437901281094,0.00151980106207735
"6106",29.8385962471103,-1.10931616743684,0.336073896039561,0.000486229824936379,0.00152447273338884
"9682",3.29790138323182,-4.99107032071221,2.63050664266387,0.000490992336174703,0.00153772104795437
"3424",22.2373868865197,-1.52049505254776,0.478330682289761,0.000491516720820999,0.0015390491933789
"14802",3.90008848737396,-4.63854804413407,2.47097502384341,0.000493081252281772,0.00154331665022835
"6113",12.4622602237363,-2.01711365427778,0.653081227235094,0.000497295235830983,0.00155555571933838
"5386",33.7849664816522,-1.00588496467263,0.302978229566406,0.000498035728648052,0.00155691976052303
"3545",22.420582815563,-1.40146417250305,0.436776918504113,0.000500830888743573,0.00156533883193983
"16043",6.76585683002744,-3.96794052924262,1.46551635137757,0.000516855845047365,0.00161345253928011
"4404",23.9133378309277,-1.26244005887645,0.390357041905472,0.000519941200356394,0.00162209390749658
"3153",8.52970853996021,-2.6320672024996,0.867030101712444,0.000522947183123363,0.00163114019732908
"14003",7.65399514879201,-2.80910899757969,0.950406486435771,0.000524558385363497,0.00163516848976679
"12633",6.50719141655192,-2.96694813491467,0.978054087533948,0.000526947043361319,0.00164094753121427
"15220",12.0931042933256,-2.3730144218564,0.8027965900203,0.000528269713700772,0.00164473259279849
"11102",19.3946400714244,-1.70930556306963,0.546259008939001,0.000531073026013419,0.00165178460128196
"13251",3.67100048499453,-4.54049760129823,2.44025185036373,0.000531008393811802,0.00165178460128196
"14806",9.19566340117223,-5.30150172936284,2.79067118737989,0.000530962643135346,0.00165178460128196
"7355",12.8271795353972,-2.0162764429542,0.656926867909404,0.000531557287271907,0.00165262076162368
"15808",4.40735932264684,-5.04103688460687,2.66962934791632,0.000534262719636567,0.0016600228650028
"14569",3.64825631587575,-4.62076704281348,2.47995274232523,0.00053757835463377,0.00166931080654644
"6013",11.4323294328308,-1.80123953154249,0.586594745593177,0.000556798572628521,0.00172654820126099
"10379",5.68142829191476,-3.53794546290797,1.16877289259235,0.000565577154916623,0.00175129168272164
"2850",15.8979408919757,-1.45200644748699,0.46057904023756,0.000565836032961134,0.00175173132126431
"4022",10.7370382846415,-2.01166446612299,0.661038940821818,0.000571474155725938,0.00176812421280562
"9037",8.01842128500233,-2.11859311140919,0.706885228845346,0.000572914790020379,0.00177218469078337
"14032",2.9780133392777,-4.68829276343185,2.5235933304948,0.000573017548782917,0.00177218469078337
"2682",32.0148459989208,-1.09957552063764,0.337497766452993,0.00057641832713377,0.00178198395994629
"4177",33.2119615968412,-1.11149517854058,0.342489739832062,0.000581409330530669,0.00179668949815349
"2277",10.053296210816,-2.86023499864866,0.939118704942401,0.000583122615888582,0.00180125836432022
"6143",11.4749436502135,-1.75118557496614,0.573094914591018,0.000600698747396369,0.00185219471087269
"7425",3.43784633530961,-4.89087896017684,2.6278315876618,0.000600598921056434,0.00185219471087269
"9050",5.59649265581511,-5.26947660195856,2.80851201966229,0.000600626905274934,0.00185219471087269
"4457",11.1672313505433,-1.93037145968216,0.635607714921664,0.000601026653593627,0.00185283342296303
"14573",6.2125990162463,-5.9225438546921,3.11228718412331,0.000601476463415908,0.0018538476051005
"7511",11.3779588202946,-2.07460477099651,0.684721102004388,0.000602520281313574,0.00185669184097091
"5350",6.55689049663348,-4.34301375060895,2.37846074196274,0.000605603861727032,0.00186581928724455
"5247",30.5125864327042,-1.03940051399209,0.319226856522927,0.000608514399599128,0.00187403380831983
"14905",30.877591961055,-1.15143804437423,0.357131818645104,0.000609335203219087,0.00187618503371271
"14935",2.55149226630058,-4.88561549104219,2.63064030228472,0.00061079921722078,0.00187993829284221
"7046",42.3318657638687,-1.23458716117049,0.38494914711747,0.000612808525828871,0.00188536619446408
"3413",13.4620017311888,-1.67080969304622,0.5451547200358,0.000619265138853752,0.00190294112265835
"3139",14.1262003705771,-1.40001951653069,0.447559199058159,0.000626121544064353,0.00192208540427758
"6571",9.82062261770949,-1.95270092864984,0.64987522079472,0.000636712538951975,0.0019530348830748
"10979",21.7144690312271,-1.43598110248231,0.458484601286553,0.000636914006209616,0.0019532623620376
"14976",6.88418091098815,-4.37964067704296,1.74109137884158,0.000637917752100978,0.00195594965437356
"2273",36.0779105728548,-1.02982465246762,0.318631870691167,0.000639684448612968,0.00196097472428946
"15149",7.78287749689388,-2.24416474487548,0.756621040064862,0.00065139008114177,0.00199486587124914
"1142",15.4965458540098,-1.47018397403116,0.473444016386957,0.000653423594805609,0.00200029493517607
"14422",14.9130119598695,-4.49291919648721,1.7308978832475,0.000658338605611212,0.0020137338967091
"14617",5.56016946879834,-4.9992660027105,2.70042088819961,0.000661260701068433,0.002021865870166
"3998",14.4941754116585,-1.51759420607247,0.491282831141528,0.000664248829223739,0.00203019318461749
"11483",10.7138138197001,-1.92515341809571,0.642217866200601,0.00067680027356545,0.00206649683528651
"12934",12.2500931416902,-2.6439356208671,0.904279175676101,0.000676774335183925,0.00206649683528651
"14122",9.18852243254096,-5.74038894845025,3.06208865928511,0.000677785164760353,0.00206909227674455
"8023",14.1082183470071,-1.91403702848859,0.645801767440798,0.000688391363454958,0.00209896436595577
"9004",32.8631069237392,-1.12072904010584,0.352351695134155,0.000693844114509008,0.00211390989851305
"2475",3.61227794781661,-4.57311034272517,2.51115363497926,0.000697092336600958,0.00212296302510292
"3993",23.6275997469841,-1.26325052941259,0.400960404020173,0.000700416360920947,0.00213181674779014
"13597",6.37578265455012,-4.04008732785962,1.58691264628279,0.000714134887934663,0.00216926778570215
"12827",7.34166706542593,-4.2037503765307,2.33766641211767,0.000715220313170986,0.00217213485055076
"15763",12.2764885618073,-2.43744948743226,0.865478335773946,0.000716120983809288,0.00217443978915217
"15630",3.80676894500181,-4.48319285944375,2.47436647640602,0.000717140236593047,0.00217703126249375
"12908",12.2197936633265,-2.40436224101986,0.839627129547556,0.000718632860872963,0.00218034091049513
"11831",13.9628428656081,-1.72217173571715,0.572661322392183,0.000720841629281963,0.00218488208575131
"11547",9.27200075933512,-2.50579875117317,0.847177303672848,0.000729499288883996,0.00220850583846629
"15713",6.19412670946855,-2.87218548404588,0.978762716809342,0.000729879258292496,0.00220922025251169
"1097",21.4545923138079,-1.52061592435192,0.496753209031161,0.000731572386630544,0.00221303531704898
"1147",33.7165117379572,-1.00899502129892,0.314212815840251,0.000734568436828931,0.00222166046250075
"15230",3.61958080974469,-5.41006539766555,2.93223292578825,0.00073572680058508,0.00222472532545859
"15104",4.15971660294662,-5.08172170676412,2.77195714831978,0.000742983458054038,0.0022448986208986
"12599",4.1507265913427,-4.55316848795752,2.52266738872508,0.000765448042845042,0.00230732206706709
"8864",20.8751546777615,-1.31240217211458,0.42242877335518,0.00076562948910456,0.00230741568480284
"2001",33.0667719666451,-1.1002971174623,0.348135392995771,0.000769067414405554,0.00231641172737032
"2584",3.26289082275125,-4.46955525644816,2.4847341863839,0.000773965238624045,0.00232857979550254
"15769",7.17254456733622,-2.83058073334294,0.967507083765949,0.000776895891863028,0.00233586393667537
"13276",6.29701167612923,-6.03288106629607,3.2675226555637,0.00078136160688845,0.00234883055142819
"3237",23.6910837673289,-1.14206660078046,0.362701500205792,0.000788668061556309,0.00236986566166441
"14674",14.2237327368215,-1.92381834638023,0.658055520558705,0.000796358493652207,0.00239156945940611
"9220",5.44261198698953,-3.66328812837637,1.40505823749425,0.000797052013400841,0.00239282860348945
"11094",17.0927370517202,-1.44841098205874,0.474594835033362,0.000799721661335031,0.00239979062191734
"6445",20.1871523088095,-1.37264615337137,0.445679170836116,0.00080178169629548,0.0024050315867569
"14254",13.2440794657842,-2.31139654512595,0.793078554163225,0.000804339417242215,0.00241223214987242
"12953",9.4494444431576,-5.75259656379421,3.13156020251944,0.000806705994418597,0.00241838414856673
"14924",11.9255264084311,-1.93831298086406,0.656375886989351,0.000806683692842196,0.00241838414856673
"13857",10.4958071235479,-1.91583169352372,0.653059343142577,0.000818185541767798,0.002450404209905
"8057",2.90587049607154,-4.61315827369647,2.57165413194156,0.000828384382636278,0.00247949699235045
"14402",5.69539564815887,-3.77453129119848,1.47992414183716,0.000835458203191493,0.00249920748909477
"4711",36.7048908327757,-1.02967094093836,0.325335683278007,0.0008386576545133,0.00250634959980951
"13760",6.68287939836335,-2.84095898646534,1.03536881470159,0.000838556681008442,0.00250634959980951
"15500",3.31159896895818,-5.0461072211135,2.7916841635737,0.000838457556367594,0.00250634959980951
"13703",3.79180869604203,-4.36552190154224,2.45184298842484,0.000841087989410168,0.00251261935777263
"15486",8.62539277453899,-2.76301166968521,0.996380048984855,0.000843843539382451,0.00251986987636142
"11396",2.65460988092195,-4.74739898480223,2.64500250553745,0.000847984182134183,0.00253094526662717
"7624",31.2779984092909,-1.04442960068421,0.330956748441498,0.000850605693945762,0.00253808696270125
"13454",10.9624931454272,-2.48742486764919,0.88629653384248,0.000862191351956145,0.00256915943155237
"15887",3.42197288783761,-4.52767230721847,2.53896905727659,0.00086217514677285,0.00256915943155237
"931",24.9481842036587,-1.14645321524947,0.367438630306784,0.000866801619119112,0.00258189424231111
"4761",3.04904730448468,-4.35815267541499,2.45673378829472,0.000871482290602487,0.00259533245044914
"3151",22.6239891655165,-1.22181390679818,0.39505430481148,0.000875299039052644,0.00260568745754457
"14190",10.0821684961336,-2.41927652990967,0.882499473336954,0.000879658112791815,0.00261714066793966
"7687",2.52651182745066,-4.67050308131794,2.61644751967765,0.000879962668890774,0.0026172302129404
"9907",18.3898015351153,-1.54875447046941,0.521361533586721,0.00089525696492849,0.00265736653373918
"767",12.3669456404122,-2.67655260075682,0.90731215065142,0.000897805314194363,0.00266338494502786
"5683",18.5059902430192,-1.28490032211433,0.419244053287154,0.000899516905141951,0.00266650806286554
"15352",4.91302337197684,-5.03471511833752,2.80431292328444,0.000899484316359142,0.00266650806286554
"13064",2.67518412068077,-4.51598799797648,2.54493547852749,0.000901636144135683,0.00267164993423596
"4041",6.74342344583305,-2.58485081922975,0.942210718252973,0.00090259700337612,0.002673980657038
"11766",4.35036399472794,-3.86396810596857,1.55465729137257,0.000903406220566615,0.00267534484504026
"7740",5.36207529127112,-4.25729470195409,2.41532821074148,0.000909731005447921,0.00269199668593779
"2319",22.8343746175446,-1.19432462560713,0.38559767508564,0.00091057066892919,0.00269396177658707
"1040",28.4024243131565,-1.0412908277736,0.333217172341325,0.000951634772421127,0.00281003316267463
"16160",3.02330718493183,-4.5063092778835,2.55538451152641,0.000958893829098272,0.00282874601420011
"13582",3.07139431544517,-4.50395602143673,2.55527980009868,0.000963899154224802,0.00284187254482535
"9984",29.2662711998911,-1.04053657362116,0.333733401352349,0.000968683800538197,0.00285543046141356
"2377",2.59553333459135,-4.41943731336282,2.51410881833457,0.000969863588852003,0.00285781007177958
"13704",5.71789050724109,-4.78753261272515,2.70120258592844,0.000970705479686559,0.00285974158502897
"985",17.7082823517573,-1.38522517759803,0.460993537241583,0.000973241172771879,0.00286611119267542
"8016",3.94989078662833,-4.24066229919829,2.42437886342372,0.000980563144830451,0.00288490514499206
"475",20.1713765224548,-1.21377481437244,0.39625206806523,0.000982917303750669,0.0028912768771945
"943",29.9891914873982,-1.0322878947989,0.33144757617565,0.000983126259176277,0.00289133720424413
"14960",4.89895934549587,-4.33304426095476,2.47307515442196,0.00098768038627036,0.00290361758316653
"15294",5.96782295341293,-4.3418352954637,2.48068596132483,0.000989976330048709,0.00290980973791903
"7217",28.3290982740301,-1.00516044693579,0.321989313800842,0.000993572590355483,0.00291814399958349
"9968",5.50645855887774,-3.53807248972055,1.38795275123147,0.000995148217088581,0.00292165309888827
"16291",10.9607444797641,-1.68738761639619,0.579519899178987,0.000997774552951939,0.00292768310689264
"5132",19.0096731118266,-3.13290889765133,1.05903123931398,0.00100123639082919,0.00293596986610536
"1168",8.39120570412447,-2.41732548079966,0.8730115258134,0.00101779064763294,0.00298185256953068
"14673",9.58005286470791,-2.50987921120072,0.894817848494206,0.00102748977463328,0.00300682350032395
"5788",10.3974327679695,-1.79838764664973,0.628097871389403,0.00102814976916863,0.00300818114194399
"5644",24.1336020199688,-1.23308312570119,0.405184574622285,0.00103217193594414,0.00301879794380308
"8200",2.93975755675186,-4.40585968466065,2.52362220939171,0.00103453004309892,0.00302454162562246
"10327",10.2228928113264,-2.12309305701895,0.747069509788486,0.00103921622643563,0.00303592813446341
"2527",7.17689484277144,-2.72845619065688,0.960757009994553,0.00104046819989017,0.00303842854794726
"15849",10.1650965365706,-1.7293064541518,0.599330799327219,0.00104422773034947,0.00304766712321703
"3777",22.4316006639658,-1.26028044554227,0.415955850734469,0.0010460756090043,0.00305247966317097
"5436",22.6024608715853,-1.15818249299427,0.379028568487841,0.00104638711075185,0.00305280803199574
"5985",8.39171649987933,-1.97898966347446,0.698052440563521,0.00104678789544779,0.00305314027774236
"11560",5.96078753250978,-4.12452555062665,2.38288844397393,0.00105801569575451,0.00308497431014092
"16226",6.63238193557277,-2.79593411145754,1.00093878895072,0.00106057208884891,0.00309125333571597
"7457",15.2675901526889,-1.42146511557521,0.478714353122907,0.00106223650594421,0.00309492873351728
"10911",7.35742325594908,-2.50755051434836,0.898431111403727,0.00106746702051184,0.00310898756562512
"12687",3.31776786997004,-4.8731291517665,2.78220051170817,0.00108476121341126,0.00315636095152077
"1723",8.96605720120673,-2.12063963686668,0.750843824009252,0.00109115287562154,0.00317255231583498
"7408",26.0588539171801,-1.12314334165983,0.366328963395414,0.00109429451200276,0.00318108387602469
"2903",2.75317027915096,-4.30601891039968,2.48732448807733,0.0010983643957553,0.00319231008222649
"15956",3.43878758346238,-4.21413657574608,2.44055535691029,0.00110675593535358,0.00321304755272092
"13278",7.72473181494952,-3.64889143436123,1.48222413385426,0.00110919218392703,0.00321890215206968
"3941",10.2623941598586,-1.85826529877974,0.656539367059721,0.00110943406849836,0.00321899525585673
"15581",10.1942796291526,-1.94977298274225,0.695667016588827,0.00111791875278954,0.00323993717870229
"7493",8.05264175027589,-1.97485019433881,0.702711982877468,0.00112003064967928,0.003244831997362
"15419",5.05613784524544,-3.71573123794646,1.52925801774294,0.00111989753019396,0.003244831997362
"14997",29.0648435968967,-1.1792640884622,0.388786331904632,0.00112447017729139,0.00325523508116638
"1133",6.29487247850388,-2.7230156376633,0.970197895833152,0.00112699572442743,0.00326070062226855
"4322",3.8324712301491,-4.38722782088995,2.53598986114722,0.00112659386467279,0.00326070062226855
"11128",5.47101861156798,-3.29037448771727,1.17877326538228,0.00112909803551028,0.00326555158507714
"15492",8.18740181777487,-3.60002551966024,1.37396713450629,0.00113592249879983,0.0032846699772118
"626",8.71400002762874,-2.25376766428021,0.804738667238708,0.00113638940425332,0.00328540091001671
"11744",18.3149514251113,-1.32938195127053,0.447447202617483,0.00115208557763625,0.00332889812008909
"14457",2.74094392247516,-4.38127748326584,2.54057475901063,0.00115373166512734,0.00333302672529633
"7460",3.9055987601566,-4.60577209348386,2.65963537931406,0.00115575141767926,0.00333823305750244
"15610",6.18441996255433,-3.4685276646587,1.38545515201714,0.00115822552000661,0.003344120089097
"4211",20.2512763522226,-1.45946429362937,0.498391540903182,0.00116021905978257,0.0033481169304762
"14455",3.21022222914529,-4.37797685654262,2.54030994880322,0.00115985714340433,0.0033481169304762
"661",13.9692285814271,-1.54987972686218,0.533397317237941,0.00117095240870005,0.00337578406739664
"11738",10.6739789994292,-3.87592991474307,1.5576811259732,0.00118098838765115,0.00340279902943315
"9310",11.78940713729,-1.65792065077407,0.578558264868327,0.00118247417921179,0.00340644035517208
"10611",10.0405679492392,-1.97512171364233,0.700830072137787,0.00119082871795658,0.00342986390456312
"12845",2.77560776846984,-4.28433788682559,2.49991127701835,0.00119933534073037,0.00345177305061453
"9759",19.4760782420525,-1.21737298655891,0.406282711667413,0.00121223354097801,0.00348758657776592
"10111",5.92854212703002,-3.50214075586617,1.41991913454505,0.00121495969137161,0.00349411931484811
"13881",3.65715015675574,-4.28585093089138,2.50382364419038,0.00121784409389652,0.00350110210467571
"4063",14.3852659338684,-1.6998317190765,0.597441440822607,0.00121883491780552,0.00350247840703763
"4651",3.28944517622597,-4.19032232020931,2.4543695468644,0.00122520874652115,0.00351963635983412
"7871",9.7064925637417,-1.86715916514094,0.666109460780143,0.0012358045945837,0.00354799053712117
"14198",9.13383619439216,-2.81134855826935,1.03686591389914,0.00123600400318794,0.00354799053712117
"7311",2.49467146378006,-4.36040168551113,2.55061530183931,0.0012403970063529,0.0035586034533419
"15422",4.86813404027253,-4.78089815395566,2.77698367121734,0.00124322284215177,0.00356604375904553
"6041",32.096516973852,-1.00318058322683,0.328688675046377,0.00124511839192554,0.00356947897745022
"11141",8.02995823900945,-2.67074142667094,0.960433164462122,0.00124858948761019,0.00357876116353506
"4406",24.176821425307,-1.09480299813499,0.362362529837384,0.0012705929023081,0.00363698443778679
"9423",2.77823013812961,-4.35218472224068,2.55294356943283,0.00127094926079636,0.00363698443778679
"10677",6.0249517725927,-2.70489775997297,0.982872308522659,0.00127045382936607,0.00363698443778679
"2121",21.006159111404,-1.32281776300056,0.448346207907374,0.00128062957665356,0.0036578814676291
"4511",20.1137775465037,-1.23908561662392,0.418189464623361,0.00128072340768451,0.0036578814676291
"9016",2.40083673819852,-4.35273073752893,2.5558742926389,0.00128071108167475,0.0036578814676291
"7120",7.65604356288619,-1.96659168652075,0.711946060113981,0.00128310246603872,0.00366331245560701
"10400",3.49667826276544,-4.97702792517304,2.90328514191869,0.00128471726593016,0.00366666803876211
"2438",7.1266399371368,-3.44673537882751,1.40162733766438,0.00128823227756551,0.00367590623669103
"6412",51.3622507361206,-1.39333653179937,0.482046834649829,0.00129106702194166,0.00368331002559518
"11259",31.4353443004549,-1.00798200293375,0.331195127349253,0.001300864394532,0.00370850286237541
"4050",19.9255074540174,-1.23953414948133,0.41852346466755,0.00130401690610262,0.00371679944089403
"5938",7.94623730016305,-2.63111791527811,0.944777650649656,0.00130550433712919,0.00371965701849083
"9808",22.5050377094073,-1.27366612993631,0.430596975700129,0.00130893846938348,0.0037287491525716
"5142",34.3495125240509,-1.01002702933706,0.332974755066578,0.00131969200455354,0.00375798708720582
"13159",2.76698069839755,-4.26690192254167,2.51731968791846,0.00131946499520732,0.00375798708720582
"7872",22.9829431001437,-1.16979224275104,0.392213301024833,0.00132145802762137,0.00376161976211404
"14073",2.3295788146649,-4.42137227915183,2.60507375460313,0.00132751340342661,0.00377745514628607
"11975",27.2307068526331,-1.12647264251177,0.375844358019163,0.00133003527250753,0.00378322788025269
"12639",11.2052060391558,-1.88769054774806,0.682964261663839,0.0013314674000932,0.00378659950317514
"13341",6.74265342691793,-2.66381511297847,0.969512790618831,0.00134922850110187,0.0038300116359678
"12702",11.5669765184172,-2.01599077394491,0.741350104598341,0.00135545732336526,0.00384626996715242
"8838",23.9010419702099,-1.102717818934,0.368089594821163,0.00136170930053635,0.00386258195565339
"7772",2.71684036695456,-4.41641883789727,2.61059500255842,0.00136591976525228,0.00387380904958702
"7469",21.1977990266619,-1.16205304254699,0.391747859858614,0.00140014825705649,0.00396428763757478
"8590",27.9484960299,-1.03688617558086,0.344508642576406,0.00140547625449934,0.0039786387772663
"8954",5.47939976792193,-2.21485987370278,0.831751770739396,0.00143392822943879,0.004052451800383
"7280",9.36582130865877,-2.06778193928671,0.75591547011508,0.00143784866398166,0.00406203499382629
"14380",3.86088692765457,-4.3233537513871,2.5777267175482,0.00145546451908463,0.00410877499840211
"7603",15.302336074267,-1.39284911697514,0.484956811800396,0.00146570149247999,0.00413539132017662
"9252",2.15719201370028,-4.38941377824762,2.62416070149214,0.0014840728982647,0.00418337873931202
"12941",10.1619928214833,-1.66599397478089,0.597750561300281,0.00148528003757443,0.00418601242037186
"3621",6.74315571018223,-2.4063731715421,0.89517603399679,0.00149400065195661,0.00420827097539384
"11620",31.554020316309,-1.01417892647871,0.338342480703384,0.00149456491300582,0.00420905176804628
"15258",6.04235569400243,-3.75168040089534,1.65491528552468,0.00151266019742926,0.00425848539617562
"12467",4.71039197246136,-3.97091214330443,1.81229390403828,0.00151962548760186,0.00427495670265408
"10553",11.9620590853354,-1.81866607200722,0.671717421642056,0.00152805028357305,0.00429786901940629
"11074",17.0271156198257,-1.37369714838616,0.478723081258893,0.00153731164202579,0.00432218002083334
"11256",73.4618477216911,-1.10172435705857,0.370792095115518,0.0015426551486956,0.00433418017697064
"957",8.47262732065277,-2.57365129879899,0.941373932934898,0.00154388108123115,0.00433639378239491
"12539",2.98406850135009,-4.13195968725079,2.48872778680479,0.00154400829259098,0.00433639378239491
"8004",2.76427382308702,-4.38026869453016,2.63214421672398,0.00154661552145405,0.00434133222569878
"16173",3.89341079113504,-3.44967692419653,1.46283766368704,0.00155175925603196,0.00435338128822423
"10329",12.2199967586389,-1.77288441727967,0.642037772465613,0.0015577459737355,0.0043685791400153
"8286",13.95207248719,-1.55249521570607,0.551398708696199,0.00156001026027683,0.00437412964609418
"4753",17.7898700281367,-1.33612164980811,0.464635479954238,0.00156584164413948,0.00438807458375016
"10203",6.06007333663912,-3.06743185688206,1.12272282965664,0.00157799218593377,0.00441809016583609
"6522",5.87743482898058,-2.25810207881769,0.850627590139289,0.00158223195560927,0.00442915250773819
"3149",4.94036014922333,-2.67770143751542,1.01018872978949,0.00160004543906933,0.00447575153539486
"14013",3.59882303008957,-4.64076975223643,2.79776606493487,0.00160961178750057,0.00450169042209647
"16072",2.57908065004164,-4.43664686060357,2.68189572035314,0.00161335206516204,0.00450968495824033
"11313",2.30665897557585,-4.20773416719143,2.54745987158859,0.00161517919499523,0.00451396983402764
"5000",8.90859377720745,-1.79743883793356,0.658546154885786,0.00163402641142902,0.00456165706523936
"11712",2.97558693917195,-4.72908204417904,2.86712345796019,0.00163653800870904,0.00456617615341386
"7096",26.0424526648733,-1.12099648979101,0.381805583899873,0.00163730821678316,0.00456749454001892
"15519",10.5395978747744,-2.14921775588683,0.813382495149152,0.00163763484616176,0.00456757524898381
"4138",9.41054659537519,-2.1344166200553,0.835388755633312,0.00165401941626013,0.00460477443817161
"14259",8.87310580004636,-1.99951552593363,0.75614678289858,0.00166170247511804,0.00462461474256052
"14606",3.30117015709565,-4.41656871867064,2.69010725854841,0.00168383010884026,0.00468279959397064
"790",18.1698045375561,-1.3486333630979,0.473403717208056,0.00169606058145405,0.00471424954732781
"16237",8.15333846593837,-3.1232567742375,1.18047073386066,0.00171215854124139,0.00475554824371228
"15206",4.28767309642568,-4.27591312737312,2.60702404109819,0.00172040634900483,0.00477586296594557
"13354",5.47845541766291,-3.05495093464467,1.13643827782846,0.00172589475951658,0.00478936576148722
"14354",3.99371212684289,-3.42443139812201,1.48269362638737,0.00173669812064131,0.00481673160972518
"929",16.7242689564203,-1.20952633889558,0.420036896328883,0.00173976208711068,0.00482348567085998
"7205",4.50930983937671,-3.33707269755176,1.42399472998761,0.00174845805908752,0.00484671942196564
"2482",12.2139938304414,-1.70719641178014,0.625043841674769,0.00175611768813654,0.00486707255944344
"16039",2.71782778016316,-4.54657964768819,2.78037831639554,0.00175700547081858,0.0048686535919757
"12476",9.79551724830384,-1.79475580967484,0.663474839367143,0.00176240117531509,0.00488096051134646
"15370",5.65321879172068,-3.4270943911409,1.39544989922946,0.00176469624176017,0.00488643465752145
"1660",2.57582636364839,-4.0932875475198,2.51390991829017,0.00178690023939338,0.00494523996627212
"1510",12.5882829417326,-1.6279048468376,0.59257421547323,0.00179309218540721,0.00496148122645679
"11391",6.65879291367187,-2.07958644165524,0.790998087397934,0.00181534917049886,0.00501854095909263
"12462",6.21277487243506,-2.27337270481635,0.880452678272782,0.00181980735013065,0.00502814769909141
"14472",10.8427913346507,-2.14094125048229,0.823947275949853,0.00183156802815328,0.00505882056812884
"10915",5.38588050073035,-2.62512855937574,1.00620338504242,0.0018361840778948,0.00506974488161598
"4713",8.09860510880652,-2.35670440971303,0.929726963728813,0.0018388379842209,0.00507524576216967
"14498",4.87845556611402,-3.14540969611434,1.21459086316442,0.00184306287045591,0.00508507707631812
"5301",23.4699694231483,-1.18527860601367,0.413032715114536,0.00184880878559765,0.00509817994202457
"9313",26.3459707566773,-1.06416352061637,0.364212813313205,0.00184980609103666,0.00510001345099289
"10920",20.4230375468894,-1.15754785711008,0.401934689214833,0.00185471463588277,0.00511198266416131
"6811",20.4450123668993,-1.14305741067493,0.39620232025653,0.00186405590681349,0.00513560958488767
"7916",8.64652111440246,-2.50948843828076,0.940004730974166,0.00187595893213089,0.00516562058429365
"16058",16.6726401264991,-1.48208616216177,0.539632680747155,0.00188092015942594,0.0051774233954202
"15170",2.86016765012649,-4.16707691529189,2.57596160380234,0.00188135791048306,0.00517769944763077
"4012",16.2911625723749,-1.38574249102522,0.497091401301256,0.00188899306319356,0.00519405386533671
"650",19.3226561752769,-1.27587183692481,0.451025061431527,0.00191646642528448,0.00526111010254782
"11134",19.4035256012296,-1.20599794326082,0.421636161732166,0.00192271725909316,0.00527638184694444
"13434",7.99522706113848,-4.79967741727897,2.97931112687455,0.00192519541422064,0.00528223770393192
"9786",5.85453516883453,-4.07719681712074,2.52893370094213,0.0019290209899954,0.00528989616613036
"5881",4.56648248546677,-3.0689238855874,1.17757863037521,0.00193636836895638,0.0053062510957131
"15883",11.0443983482214,-4.16173924674105,2.5830914426797,0.00195262723932633,0.0053479399737565
"9133",15.1675635291825,-1.5435641110603,0.563849118114422,0.00196507893650512,0.00537916255536093
"12892",3.29410746366448,-4.44068283805112,2.77000807315548,0.00199606688235382,0.0054562006370844
"5018",19.950457603977,-1.14856257301076,0.401756858737612,0.00202280093377683,0.00552337332744935
"8456",3.2048405273864,-3.86304918922416,2.41892700545346,0.00203936746289306,0.00556563767043192
"2622",5.70474757633065,-3.25667334555538,1.42086354013742,0.00205926797048604,0.00561495441108359
"16282",4.57470719137617,-3.34321578329925,1.48589966203931,0.00206449195410564,0.00562819830345467
"3193",9.01789639924986,-1.69534051931131,0.637670193042442,0.00207278006602719,0.00564978940363389
"12546",27.8950436615988,-1.0239397483262,0.35561719361061,0.00208111235996822,0.00566947921501994
"6107",25.5824003004648,-1.04274428900578,0.361440885221706,0.00208246502911563,0.00567215709954217
"8615",8.52021684722368,-1.90718441542462,0.726725005812183,0.00209623127347376,0.00570560163720204
"7848",35.9164405984767,-1.02302236879168,0.353945944124389,0.00209838794092656,0.00570843371943905
"14001",4.5565288041349,-3.33907712777991,1.4914529294234,0.00212007446745868,0.00576334205425558
"15876",9.44713530307695,-4.14599218357633,2.60548032666161,0.00212054872057812,0.0057636101009442
"7821",15.8519920527159,-1.90466824485845,0.71609467817859,0.00212157862997116,0.0057643670833447
"12327",3.20269505128978,-3.9517742547961,2.48809995027395,0.0021266602441019,0.00577510586287707
"16221",3.33082777971169,-4.28067754127511,2.69855150956416,0.00213272385637386,0.00578849851907733
"4025",18.4446520070055,-1.21008712343266,0.429633814913595,0.00214794976847447,0.00582158510823244
"12983",4.74430817017908,-3.71025286265432,1.78309405242405,0.0021556076979749,0.00584027704574059
"13283",6.13042555388919,-2.53170249911749,0.980867917350574,0.00215688803662121,0.00584271418536004
"709",22.6250509583267,-1.14363083042965,0.403113617217535,0.00216180559200967,0.00585396809004666
"12482",6.44992318237212,-2.39748336113401,0.953984356244359,0.00216283799990149,0.00585573026865864
"8568",20.0739503098004,-1.20515792719038,0.429301756558829,0.00216976343421856,0.00587344396104716
"1352",30.1893092337489,-1.42834580102773,0.528232214919419,0.00218871879732609,0.00591953331700585
"16031",6.91953890735673,-3.8718290151467,1.93583636530385,0.00219013669307776,0.0059223241596567
"14682",7.68781234326198,-2.00276192769993,0.774397192053001,0.00221540638576167,0.00598540665674637
"15482",8.6483499859209,-2.6633074500416,1.17815820951895,0.00223037383153979,0.00602157763457944
"14367",3.42645976455728,-4.02378452174983,2.55617763843029,0.00224170156362585,0.0060500311505209
"7490",23.0791188172042,-1.01397228205576,0.353905166961201,0.00225604633219624,0.00608232628270724
"6983",27.6426981188732,-1.01642937001231,0.3542836788292,0.00226595931851736,0.0061079785354905
"10743",5.1432417910216,-3.36274295139869,1.53687824585366,0.00227902594946702,0.00613888608544109
"4153",4.41390784000952,-3.0676641433849,1.22925019573943,0.00229297243545073,0.00617320162785059
"8496",4.24798231420166,-3.0684148754622,1.23072932147894,0.00230869092705577,0.00621115989721492
"13001",7.52422495371773,-3.80994597597283,1.91516943484951,0.002328900861786,0.00625785042423514
"2725",20.7245885652488,-1.11388169166041,0.394571833476504,0.00233013665911643,0.00626007472611161
"11049",17.3078029993297,-1.57325325022712,0.590474969977185,0.00235094268429293,0.00631044674686956
"586",6.86102098175169,-2.03717541103795,0.812626829325939,0.00235555518313116,0.00632172173776131
"11623",20.0794426835623,-1.14863719353824,0.409501577514953,0.00237122146963502,0.00635931672934978
"8343",1.94810472235172,-4.08453639358392,2.62331634001388,0.00239170116797462,0.00640640206358843
"10681",34.6394299515179,-1.03658224762041,0.365237083955095,0.00240599924058502,0.00644132722880754
"15236",6.28639454659438,-3.26853623858616,1.48645700923112,0.00240769010946996,0.00644360532872801
"7811",9.49970280098397,-1.71922904995332,0.657142311641437,0.00241700602913985,0.00646628134352097
"1750",5.02182470467309,-2.34972694791085,0.946689978738468,0.00241985758385275,0.00647165328726735
"13128",6.34704887022904,-2.6192872933187,1.06456538650945,0.00242591500366049,0.00648446235211898
"2276",12.6112209506485,-1.46817789748023,0.548282335665506,0.00243542107913544,0.00650647146389955
"6896",8.19190270731501,-1.86847843132018,0.732101931130277,0.00243503433284573,0.00650647146389955
"10682",5.85414707331853,-2.34926791272767,0.947937327653391,0.00244398352931673,0.00652593792034572
"14054",3.04065656533426,-3.80862664747639,2.45005854209718,0.00245171914163257,0.0065431773856442
"16036",4.02324286378908,-4.6954418736432,3.05556176037418,0.00245129287612646,0.0065431773856442
"15426",2.99198071921554,-4.07966468564025,2.63066864913685,0.00246400541242509,0.00657368023697412
"2345",7.01163461348225,-3.58118391936963,1.75135534884272,0.00247599683467202,0.00660337553178739
"8527",25.3507590862356,-1.11388736829504,0.397290522626321,0.00250399751298415,0.00666993643085344
"14225",4.17231288189773,-4.92715441941109,3.25676792862956,0.00251162102324468,0.00668792109677943
"6675",7.75262034647792,-1.77034840148281,0.688518072528592,0.00252162993838518,0.00671107860271358
"10396",2.99570412289488,-3.28934020730451,1.52766528114802,0.00252866063268728,0.00672862297733627
"8638",2.54165350939699,-4.06765741703683,2.63659457907338,0.0025294288556558,0.00672950007496566
"16217",4.10304200561055,-4.58195351175095,2.999043266672,0.00254218034950229,0.00676225261831027
"15899",3.45670621972866,-4.57956643235217,2.99637341117811,0.00254312556121348,0.00676359429462619
"12216",3.87716670140778,-3.20282910040034,1.46250476082169,0.00255667685709879,0.00679610066155002
"13044",2.64061418223607,-3.89085081637353,2.52442585481443,0.00257696268300748,0.00684646553166818
"14196",4.55485776184177,-4.574087984565,3.00145847637664,0.00257811802704212,0.00684834918436761
"4745",4.93308762127629,-3.01304898310119,1.22790155393421,0.00259233444543185,0.006882538050919
"11724",25.3093178249137,-1.10165192720988,0.394617157778814,0.00259907574803281,0.00689924207648226
"15353",4.36289845377394,-4.70866421256709,3.11578636133001,0.00262359264484405,0.0069595058696131
"13873",21.6443300371224,-1.1067101701936,0.397080093238573,0.00262600078368227,0.00696468971893467
"15022",2.79545052096521,-3.786322246648,2.46303895408828,0.00262724813311525,0.00696679365820727
"11367",16.946421968552,-1.48560339852533,0.565410687817531,0.00265159965141097,0.00703015266141326
"15725",10.3843696846587,-2.48778025771645,1.05443612518449,0.00266799080943843,0.00706628396154217
"12956",3.79687466908185,-4.12998604353463,2.7022298817181,0.00267246896030947,0.0070769228957591
"12568",5.58291118920041,-2.26969812079348,0.918602671163395,0.00272238921367653,0.00720290010440403
"5526",2.20427250769676,-4.18633854134755,2.75934208228557,0.00272925387521677,0.00721857304041561
"12604",7.45946765120403,-2.16918902977888,0.886811691379399,0.00273979302664165,0.00724494966290818
"11357",14.7729581679954,-1.42052774845853,0.533904040746755,0.0027534268084957,0.00727874354285828
"14592",6.93505004750006,-3.08830745359734,1.40302148224854,0.00276007410213021,0.00729505890594035
"10260",6.27683961304877,-2.45959560575765,0.988060181388281,0.00276472505582232,0.00730483494601031
"14333",5.97726940625356,-3.41762211019585,1.67176843354643,0.00276669678403633,0.00730878594309048
"11225",17.813470248893,-1.16060778364837,0.422227389644717,0.00278504792033401,0.00734974374823147
"15604",15.0781686864473,-1.46437053111759,0.556252113681717,0.00278507528854968,0.00734974374823147
"3188",2.21585867039498,-4.30515530963914,2.8612635377013,0.00280160124838864,0.00738954236789185
"11776",11.7884145874997,-1.49323383927295,0.56974804089463,0.00280444598096516,0.00739577426709323
"9099",3.90736546202023,-3.1276344701167,1.44434387242254,0.00280581596117584,0.00739811553399569
"10780",13.8312017373988,-1.43879726445605,0.545024063572292,0.00281243299087681,0.00741428855309671
"14726",9.76428046814468,-2.82536362272748,1.34846175345618,0.00281752823805749,0.00742516931578772
"15628",11.5434165993686,-1.94211515705338,0.783231224336341,0.00282370804279212,0.00743889981122245
"7567",14.3389683056208,-1.37105968054198,0.513746835838989,0.00282796133641398,0.00744754733686915
"11067",29.59751391692,-1.04342485717936,0.374909515630496,0.00284794567414563,0.00749503095684673
"7802",27.767963127818,-1.02119341514594,0.365592900557667,0.0028521409813509,0.00750430462736423
"9190",12.6705688931997,-1.43876678870588,0.546496296177577,0.00285663954883573,0.00751404433358248
"13798",3.34840999905756,-3.65765469162216,2.40987200583225,0.0028632940799801,0.00752896676420474
"6613",14.2644626434363,-1.34910028585386,0.506039057132007,0.00286439864900872,0.00753058061544565
"14982",11.5218283167064,-1.6129309707239,0.631328759528133,0.00288859485106472,0.00759029128273437
"15833",3.72142319684042,-3.16724817821895,1.49203529607134,0.00294870763406724,0.00774161896466352
"10708",9.4168563028881,-1.62162326192614,0.631757494930676,0.00296562641505813,0.00778204311377404
"12977",6.81563542027598,-3.25465593122727,1.472866830402,0.0029842626374796,0.00782826836157453
"14436",3.00047435295524,-4.07756933819052,2.73265610472872,0.00300378598766172,0.00787275169263645
"15980",4.05539667989823,-3.74182287400658,2.49008459862231,0.00301298659196837,0.00789282111671005
"14849",5.47094112280408,-3.1454654641465,1.39774205608545,0.0030672893437799,0.00802684980413015
"11173",2.93108344247183,-3.73388931124605,2.49548720108595,0.00309057851793845,0.0080767750299318
"15827",7.45518647265381,-5.57134400574737,4.42457658651503,0.00311472914366854,0.00813434710660535
"14359",16.1444288778322,-1.87369247392771,0.781377048210379,0.00315987559539983,0.00824663569658439
"2871",11.2156852184982,-1.36589409422236,0.522249082469822,0.00319751677001063,0.00833778038787783
"3488",2.78253935448987,-4.23130275757815,2.90486277037933,0.00321755141645549,0.00838574679508689
"4856",22.991921249672,-1.14214612316972,0.423390793425143,0.00324522404543486,0.00844925717446243
"11309",2.38751410728303,-3.71357086436949,2.50588481859317,0.00325093087699045,0.00845980875944105
"15457",7.01932900371609,-3.23039562481758,1.49492022365043,0.00325527690875571,0.00846824578010155
"11325",2.75568389078584,-3.80702050584452,2.57524879444472,0.00326668107249825,0.00849647189275143
"15988",5.98891703153068,-2.99044456323952,1.29926225711567,0.00331051847606023,0.00859882935131067
"13152",5.83554781976809,-3.80622655073352,2.23033680330115,0.00332002632456912,0.00861914786765887
"706",16.2583900508711,-1.26337078324011,0.476970454298451,0.00332090550089594,0.00861982272768062
"4328",8.57868718747951,-1.73496292299274,0.695393506570337,0.00334747432911893,0.00868159206079644
"16157",2.30985346728122,-4.03400132157201,2.76485820560443,0.00335405673457048,0.00869719325308684
"545",2.1361994366149,-4.2731128931524,2.97376400715266,0.00339403636466735,0.00879640201741404
"8466",3.17483938417206,-3.95846857790076,2.71326436323912,0.0034118154180415,0.00884098698851726
"10513",10.1495976332142,-2.31129081990502,0.933896712622164,0.00341365906733335,0.00884427069741568
"13120",7.69856883428226,-2.56405218326042,1.17758050838123,0.00341927363741658,0.0088573215294416
"2502",6.05923657695929,-2.49616576173393,1.06910287320149,0.00345134111647802,0.00893888027517256
"11553",2.01668326850865,-3.8612826097564,2.6569404417815,0.00349474837459597,0.00904367082331354
"12803",8.64071206159048,-2.42513362325592,1.02132301546088,0.00352573485734734,0.00911463351580123
"2024",10.3277507591304,-1.5402538273875,0.608810714951192,0.00354171950786035,0.00914978993249729
"7738",3.1884951722467,-3.58498353369801,2.45018352610234,0.00354139001126627,0.00914978993249729
"10890",6.71986342693661,-2.23679467475391,0.949989182236791,0.00354329541476841,0.00915232012605921
"8713",7.01192345520667,-2.35741975750298,1.03627301949662,0.00356631965989618,0.00921024112805709
"15606",4.99966584226719,-4.730325382912,3.45501504577936,0.0035924300819513,0.00927036405495016
"6618",4.43171757740476,-2.84258034752821,1.20978423632894,0.00360560070170267,0.00929916482874836
"15118",7.57911692612415,-1.86120856764448,0.761313348997642,0.00362372881890271,0.00934120821042075
"7600",15.4347866282223,-1.475000286355,0.578882567951457,0.00362994117129302,0.00935565049406161
"11116",11.9541669877989,-1.32213867661673,0.510625221650062,0.00363595045693558,0.0093695646390263
"15082",4.79234061182446,-3.48664627885061,1.9253886233153,0.00364565213111652,0.00939141045126273
"3315",13.2235618021462,-1.47402445326487,0.579220386835886,0.00365681662555696,0.00941384857146315
"10308",2.09073310717968,-3.99073465181768,2.79331819819057,0.00367677806988115,0.00946047391014363
"15760",7.6875289229321,-3.27054977914045,1.608067997107,0.00369747567292834,0.00951053968981383
"1178",7.03747655416557,-2.33900543807188,0.973059309078254,0.00369885628825397,0.00951249614996324
"5828",7.08150259682192,-2.33889322620481,0.973702944425322,0.00371684590209062,0.00955555741886333
"900",14.3755987998257,-1.1941655946018,0.454101501724045,0.00372125364909952,0.00956528643627641
"12706",4.27835173427413,-3.37191451144249,1.81692263956271,0.0037301100333192,0.00958483976573715
"8411",2.34595661949237,-4.32534504111504,3.10792265245173,0.00373158202548147,0.00958701658020131
"12874",11.288677915331,-2.16408089213501,0.992762229356483,0.00373363728534525,0.00959069092065163
"15979",20.1129606516581,-1.18188917841245,0.449497819140016,0.0037381523770007,0.00959907479838021
"9890",19.2320269582142,-1.15180200417435,0.436028698700697,0.00374543050996042,0.0096161546710714
"9302",26.7011577024401,-1.00956873128809,0.37358760883146,0.00378668155232057,0.00970744445401078
"10689",4.66454698847175,-5.02923724498879,4.07226855264733,0.00380164278049335,0.00974254304010514
"8515",24.8374203004608,-1.12618971227317,0.425256309121495,0.00380948504083564,0.00975808166483842
"11464",5.94547394182726,-2.18574804757188,0.961988156508726,0.0038096141023517,0.00975808166483842
"4451",14.7804042728515,-1.29731747885376,0.501786278639965,0.00382837126102641,0.00980125948679278
"9683",15.6162557278965,-1.23687604716876,0.475153025389513,0.0038435686389456,0.00983411648811071
"3326",14.8647382013389,-1.34243788111407,0.523436625718062,0.00384448382970099,0.00983426398784633
"14992",5.33069038109251,-3.38830183406087,1.86073758027846,0.00386737188031909,0.00988951445995597
"1383",2.78824926418321,-3.55003741994612,2.46854485028295,0.0038717610002685,0.00989756379651109
"2435",3.24730799979451,-3.3506101822193,1.82884273420283,0.00387180980946748,0.00989756379651109
"15232",3.14097357993408,-3.9709672095261,2.81240862802588,0.00388877373341569,0.00993430825704244
"9941",3.39150461860824,-2.99515319509088,1.47611314519401,0.00390911747066742,0.0099846161732063
"14106",4.3554609789707,-4.59263589683577,3.43592601543265,0.00391248057674935,0.00999154285770062
"6124",17.6881880966486,-1.10353569077024,0.41661502879969,0.00393976169674375,0.010051316257699
"9404",11.0038292820822,-1.60108897807791,0.645694831862335,0.00394047235156485,0.010051316257699
"5388",1.8500087615833,-3.88453493381775,2.75518691833962,0.00394277035642159,0.0100555062464389
"9568",2.72771143843792,-4.08710691359949,2.93182937142953,0.00394825446377842,0.0100678192185063
"15839",5.61278312430621,-4.59844277917893,3.44611799812936,0.00396062096581408,0.0100976748884157
"15733",4.30356797709819,-4.43972880836544,3.27822082455203,0.00397794671207461,0.0101384778078672
"6812",13.6153539504743,-1.2878009065119,0.500845216436323,0.00398441219124824,0.0101515835686353
"9426",3.30186481347603,-3.53979247703376,2.47512872180428,0.00398861682064912,0.0101606089787846
"5032",18.7190033581555,-1.04256517550979,0.391486852668325,0.00399751016232296,0.0101774193780289
"10492",26.7178179183991,-1.05435902762597,0.397895503432073,0.00403845015227582,0.0102681320255952
"14710",3.86936016201588,-4.69519738559792,3.62268440361273,0.00403885659743641,0.0102681320255952
"12101",5.23743629740513,-2.78078407698378,1.2018430211547,0.00404965257104356,0.0102938733262958
"14483",4.94156592341611,-4.53462825898076,3.42823632804256,0.00409278554390826,0.0103931824892725
"6020",3.07031658696393,-3.52729302279782,2.48170400322428,0.00410584986687943,0.0104229077610078
"1454",14.8161369705594,-1.45138654660284,0.576096539182892,0.00416537651802018,0.0105617867982125
"2232",26.0329521447784,-1.00556784838554,0.377090268488801,0.00420000799440995,0.010646080069095
"4564",3.74979812461601,-3.51815383425069,2.48890478894046,0.00422196452268777,0.010691137427232
"10436",8.10135675012029,-1.81213087239748,0.754886854340403,0.00423617941524023,0.0107235935931415
"13474",4.11697297986538,-4.82172744519626,4.04700458127208,0.00424703134234693,0.0107460081182351
"2456",10.5621240868089,-1.55701793196081,0.635594352967084,0.00424905948705085,0.0107473326260833
"10176",12.1429636284845,-1.35461110967505,0.535884809832992,0.00425499468148253,0.0107570247813456
"613",11.2426794872982,-1.37776077445903,0.547614856215681,0.00425640284273768,0.0107588119960666
"16107",7.5579428765115,-1.87812405872641,0.796660015753612,0.004259497766486,0.0107648615106564
"11704",20.5040654927488,-1.09561997599641,0.417720311375852,0.00427935144987104,0.0108132558128082
"15414",12.3264981166821,-4.27146296816897,3.17973722336459,0.0043043933128145,0.0108640083234928
"13992",2.89909722669026,-3.51023077004644,2.49332466596142,0.00430779168370159,0.0108707973360253
"4036",3.17224906450789,-3.00960939086302,1.54035833221974,0.00430976908616594,0.0108739988635165
"13088",3.90527777521306,-3.51150113487026,2.49387480801086,0.00431563647820775,0.0108870125756563
"2360",14.4848701918544,-1.22706351704933,0.477883165179078,0.00432370787230474,0.0109031650614784
"3850",21.3174781118938,-1.01413038930102,0.381981426506839,0.00435011290018243,0.010964971616149
"13302",17.7507869467843,-1.52574922878069,0.625275696875584,0.00435269395033619,0.0109696753088056
"15217",2.59303570038357,-3.97396130041056,2.91579259906317,0.00437247329052146,0.0110122878687575
"12521",2.50133685272207,-4.07946085260365,3.03730604970904,0.00443490799856475,0.0111585427061297
"15752",3.28089851280477,-3.39265266876865,2.41348223193869,0.00443965891426017,0.0111668338887695
"10242",2.10007804997417,-3.75533714389677,2.72847152534119,0.00444588187031598,0.011180653259508
"3106",6.40800761177932,-1.76538902307501,0.752123012930405,0.00445267331773261,0.0111958975276912
"11238",9.17364245124781,-1.57046680180025,0.646305384038695,0.00445455650770474,0.0111987973943493
"14765",18.4060572051176,-1.23171871093283,0.483239589591729,0.00448059874362881,0.0112550469095443
"7226",5.07458212642484,-2.01619120731566,0.880483352862451,0.00448786726340336,0.0112677708104071
"10927",2.2553244989755,-3.58521780935651,2.58506008769561,0.00450108288805378,0.0112935592398053
"15954",7.85347507427972,-2.773504703674,1.40055119791592,0.00454076584922811,0.0113800997100142
"8148",15.1193046504754,-1.20421699607265,0.470874232955213,0.00454405377320367,0.0113846206796643
"10228",15.6415693001115,-1.25363807109189,0.493294118213279,0.00454337493067287,0.0113846206796643
"8171",2.81100454031044,-3.38237680496262,2.41917862353119,0.00455479577215413,0.0114078079549724
"15930",5.33086103599694,-2.37936599022407,1.05929141225566,0.00455968135807792,0.0114163170817542
"12901",23.7729066697213,-1.28958586177351,0.513771547758812,0.00456623270711035,0.0114308546949248
"2938",17.3936639151947,-1.12504666002613,0.43552639387021,0.00460112850845746,0.0115088220908482
"13851",2.19021537521555,-3.57433711939453,2.59056580047071,0.00460300017210861,0.011511626999293
"8094",1.86196530792401,-3.9300214813075,2.9413934263662,0.00465224140145114,0.0116215141358621
"4183",15.344232880086,-1.18342111142328,0.462203808048725,0.00465918691658207,0.0116352960562305
"14549",5.40150054543991,-3.73525606721102,2.74670316584846,0.00470504143680147,0.0117419405928505
"10573",16.710343578791,-1.19271066198631,0.467682666407289,0.00472391400286633,0.0117813739509067
"14967",4.81993071883323,-3.26806459445011,1.90326043390383,0.0047460174232601,0.0118335073141267
"12150",8.2367614069643,-1.67418710673494,0.707143183342501,0.00479036452059743,0.0119354600259056
"8766",4.80322908303698,-2.12262040810004,0.941092224220542,0.00483171794413041,0.0120248253717426
"11954",17.7799152265849,-1.1542574876574,0.450782800110932,0.00483274661833231,0.0120254348629699
"14745",9.75953263793844,-2.92442153105732,1.41050292532479,0.00484144092483127,0.0120431627933992
"2485",1.87945118214446,-3.84448842535364,2.89476342485239,0.00484652321418964,0.0120538508146072
"5063",6.03999427332895,-2.29667392075998,1.01174890922282,0.0048483418111919,0.012056419515254
"10847",19.0094048411056,-1.30649480945438,0.523684086571787,0.00486498428540577,0.0120938842986035
"1342",5.22459741606115,-2.29271815165923,1.01335702050303,0.0049073213539173,0.01218925555013
"13333",6.81204483296126,-3.07947289126238,1.69823632540227,0.0049168491045081,0.0122089684108218
"1193",13.5383833069734,-1.25835321681747,0.500738144825086,0.00491922614202266,0.0122128942875491
"14917",12.5064076834228,-2.16617132926941,1.02783059819093,0.00493462683153833,0.012245185100484
"3986",19.703664645651,-1.07559072354564,0.417009737849881,0.00494974483416975,0.012278728373592
"11448",2.55115310092781,-4.20783606007633,3.38030507871125,0.00495101881037413,0.0122799032666619
"6741",4.84890145686978,-2.21438693296804,1.01835135315288,0.00499562939774757,0.0123805430220709
"188",1.80152978362555,-3.61862646456371,2.69358242996612,0.00499779781410014,0.0123839166443376
"12375",2.22265704712169,-3.82883458301645,2.90963972247145,0.00500706471015256,0.012402872755549
"14870",7.04658627375199,-1.80419794876099,0.796269739493059,0.00504482444322525,0.0124822998600879
"8881",14.3835489319641,-1.24500019724146,0.496008980527656,0.00505602961090846,0.0125080074685857
"15360",4.58896691544045,-4.23089889516705,3.39525072473857,0.00505708832764778,0.0125086097390134
"11917",3.62887520735394,-2.72574227280027,1.24828207947359,0.0050788821955917,0.0125544207389985
"9079",1.85635545754264,-3.68587302079224,2.77442186084788,0.00508156174175867,0.0125569981967794
"9335",2.52137825065318,-4.12596780836365,3.28809815942453,0.0050866651405995,0.0125675850647694
"13987",6.568944961825,-4.30275561663692,3.50983313301522,0.00510255841344273,0.0126007651275474
"15087",14.4994707644247,-1.78899281283001,0.79803117308554,0.00511348713142476,0.0126257214447136
"14539",7.53539833502947,-4.05413381372066,3.17837083699303,0.00513161772362702,0.0126643736100385
"742",10.8798322559254,-1.4290722220224,0.587793019400191,0.00513447250449234,0.0126693810930245
"8245",3.81213981129802,-3.12496158902476,1.78957418517044,0.00515411298976004,0.0127137549199177
"3122",2.49686520814166,-3.43079805390181,2.53833089222032,0.00516244143133961,0.0127322518696421
"4944",12.0692813147836,-1.32552785449104,0.540283651837261,0.00522763963080929,0.0128847670450614
"8794",2.50715532539337,-3.59289831603023,2.71135106966045,0.00527727573629194,0.0129966679970991
"13230",3.09835095740294,-2.89536780370388,1.54959467329963,0.00529788216489342,0.0130453227501139
"15724",6.8360943710631,-2.45397509022419,1.28280448834932,0.00532804718023365,0.0131111833017361
"15020",4.4851055291994,-3.43325916031037,2.43938339826022,0.00536706728533454,0.0131987359126283
"10121",14.6550808811401,-1.17831550445051,0.470359112430808,0.00539899936898412,0.0132708823002761
"1643",8.4525300051609,-1.73453478632892,0.754768408484866,0.00541176334703728,0.0133001257462106
"4726",2.74612495178287,-3.41023251939746,2.55184604806875,0.00541346850234155,0.0133021856552573
"14467",3.54529322886286,-2.96506568806207,1.64711616201759,0.00546291377801473,0.0134129438463882
"7928",8.56398844615466,-1.63348057416378,0.704980556529398,0.00549766290152294,0.0134917853323843
"4635",17.3895731366366,-1.1027624357298,0.435356344174504,0.00553903583512206,0.013586798851843
"15005",3.1136185085262,-3.56695027699715,2.73023140349081,0.00555588649194056,0.0136259537157679
"15866",2.15645892436322,-3.68709735003769,2.88447284718221,0.00556896167787751,0.0136536559641538
"4392",3.2724459384615,-3.29691222478795,2.46703513778052,0.00558387784598033,0.0136869478684471
"5503",19.7202325067697,-1.00796308788599,0.392671703656986,0.00558516082495477,0.0136869478684471
"16274",4.23878389088003,-3.30044314607498,2.46892729307761,0.00558994895135373,0.0136963568764964
"8915",15.0992368581279,-1.25094928161979,0.505910521917592,0.00559290731096059,0.0137014173514399
"15189",4.80801317878371,-2.70342370623156,1.27084123231093,0.00562014681780466,0.0137615564356171
"8576",5.40001935703059,-2.33886213702056,1.09317289213946,0.00562725631051641,0.0137732663653107
"15373",4.64603470901434,-3.09563888101789,1.86068757923588,0.00562762216281906,0.0137732663653107
"15091",4.8557687571331,-2.07194311234489,0.972907799200916,0.00566145325009391,0.0138472305461806
"15403",4.47136765991731,-2.81675230278575,1.39420313415138,0.00566261725198062,0.0138478700186705
"12789",24.6466144895453,-1.07002170690292,0.423569793904613,0.00570459565051222,0.0139416392267934
"16057",2.07139857794859,-3.66669311736427,2.89762774793976,0.00573912600080642,0.0140215621385944
"15037",7.67860441649609,-1.76230557432979,0.780769722332075,0.00577721612867571,0.0141011497076474
"13197",7.25556967193397,-2.6273306818713,1.20970700059638,0.00580041077342624,0.0141510100964667
"3113",9.31717987958532,-1.59567630616334,0.686279817196621,0.00580614125555275,0.0141604872490774
"15063",6.66959602710045,-2.86307492411513,1.45848653867024,0.00580941516383868,0.0141662200983434
"15069",2.24580948653041,-3.53763898781758,2.74790207824077,0.00583043020735207,0.014208432444632
"15461",4.80902869561705,-2.26339341949848,1.04049502108607,0.00584065778630239,0.0142288365219494
"11453",21.7290706359705,-1.12100788748123,0.447990526458972,0.00587334520708951,0.0142993867839375
"15116",3.28856109314357,-2.81501025350598,1.52976942600004,0.00589678527414402,0.0143541768144045
"13364",2.58639778540803,-3.26976697818154,2.48090036722958,0.00590596231072058,0.0143719555485148
"7862",18.5328083479311,-1.08344005689189,0.430639905482702,0.00591228704198847,0.0143850650309593
"12045",19.6146675132527,-1.08255604227316,0.430999923475921,0.00595564114806112,0.0144859546821024
"15016",6.51117424279978,-1.9855425262675,0.887645324064617,0.00596202658341998,0.0144968896781954
"10312",2.19186521912614,-3.65829560707971,2.91941583889035,0.00598465803589036,0.0145403971883873
"7066",16.2451363505963,-1.05940261793472,0.420892148816499,0.00600102369980571,0.0145755432366818
"11826",11.9356614055056,-1.29376232194962,0.534591913166951,0.00601359824517039,0.0146014619205015
"193",2.35434241022028,-3.35629063263511,2.58353429941982,0.00602549162898947,0.0146257108153117
"11291",9.29273303826108,-1.45387257641157,0.617019062583431,0.00605456381270464,0.014689306226807
"6019",1.88945297878455,-3.34957248243531,2.58464599179304,0.00606372362164081,0.0147092034034522
"8956",4.22027453560483,-2.25719839056728,1.11784382208727,0.00609585748431845,0.0147778071388684
"13393",5.03462760678335,-2.21686955476661,1.01554832890163,0.00609807121877526,0.0147808383427597
"13698",2.35271570379319,-3.25378954410683,2.49006353352992,0.0061138768043445,0.0148121288187364
"3384",4.91601203695178,-2.2129045589869,1.01727535667892,0.00617369347194663,0.0149486764254677
"13589",1.98890160386895,-3.34277266685075,2.59078092896957,0.00617413559982983,0.0149486764254677
"3658",1.69579986485854,-3.42240647184764,2.68432351142435,0.0062037005345833,0.0150155193724738
"6974",1.6952623036981,-3.42190715337779,2.68401762700898,0.00620590998849036,0.0150184979421779
"12351",16.7356863455032,-1.4059586439527,0.588408506147745,0.00621877307172779,0.0150425091028724
"13395",3.3626859652243,-2.7966685159302,1.54412616554771,0.00622317826121263,0.0150484198678937
"15966",3.1584923129227,-3.24627053497093,2.49514439125356,0.00622677969863253,0.0150547558960162
"15583",9.09452727749832,-1.80582722097843,0.815133906795405,0.0062440710648314,0.0150941834485124
"10729",2.25184443103333,-3.67123956464904,3.02090727275542,0.00624699966388342,0.0150965058817079
"7283",5.85236950842205,-1.87890352311231,0.850202285487768,0.00628462465805768,0.015177497100777
"13007",3.22090350370613,-2.74837175938591,1.49632369957111,0.00629929883236859,0.015206126806959
"11767",2.4459135754741,-4.027170146215,3.6964051636629,0.00631323585022774,0.0152325802248851
"12868",2.67580542092019,-3.23443236902024,2.50171830157904,0.00636718321879723,0.0153579141842487
"5377",8.47052990112024,-1.65015137495757,0.733026264701567,0.00639533507352158,0.015410029358009
"8646",4.901195698637,-2.20547333993964,1.02441564884116,0.0064579870078397,0.0155451670318928
"13706",7.79535297511148,-1.65370809586166,0.732653947965434,0.00659095385855215,0.0158503142714366
"11276",5.72445569878875,-4.16044418367787,4.45437546652158,0.00661299233649567,0.0158958391694897
"1585",15.4810041316079,-1.14167934251399,0.46773515321333,0.00668922441735176,0.0160614663905208
"546",19.4931026505223,-1.02364129695518,0.411564429273053,0.00672260329182355,0.0161289917601953
"4782",12.8529598630532,-1.16986187908988,0.482378336296375,0.00672599290047904,0.016134601168238
"4817",8.87878815721021,-1.48609026968446,0.646169079105186,0.00674862933108469,0.0161838417985046
"14607",10.6880224542736,-1.80870560962613,0.871002629678542,0.00689395379372243,0.0165177748351309
"11052",11.2166013839118,-1.47000846493904,0.642825006210021,0.00691910987287427,0.0165641914151209
"14358",2.53159749817805,-3.56219138205055,2.99914856439952,0.00693376315061396,0.0165915046818263
"3218",11.2555753062397,-1.50078909149808,0.656035122258167,0.00703792323861957,0.0168119035108423
"12828",15.3097874696091,-2.48564665419093,1.47324283235404,0.00706175686855037,0.0168620103333595
"15154",3.42248057873843,-2.63087116515205,1.32396107093997,0.00707832300224903,0.0168978854556569
"10454",3.3289930594039,-2.65935771760124,1.47208264999482,0.00708497932677437,0.0169106330164258
"15391",2.77568652028353,-3.35058342116116,2.73563635898709,0.00708586714870633,0.0169106330164258
"9339",1.57898985088906,-3.41272375220606,2.83006358076342,0.0070879616064634,0.0169130007664025
"10439",1.95879597763825,-3.52904170228807,3.01629010903584,0.0071465100030534,0.0170447540769234
"5408",1.72752265950323,-3.40605952360046,2.83576673033301,0.00717930138365655,0.0171123226859472
"14581",6.94935447333928,-1.58380864568246,0.716770647642213,0.00721552262447672,0.0171959868945863
"9528",12.1126131459535,-1.28422576655701,0.546460598989835,0.00724675806033636,0.0172597033405372
"13344",5.03877842251952,-2.60531654322553,1.42269143596923,0.00729432961937704,0.0173676131828215
"14620",1.80306605930541,-3.24701168433385,2.64729171633016,0.00730759986433277,0.017396509653756
"6926",2.62096002366975,-3.05572150893915,2.4309936614341,0.00740289217316951,0.0176132283197107
"4738",6.99066284252573,-1.7839301326608,0.8348748523379,0.007472469555399,0.0177614408037935
"1502",13.5636656852502,-1.22147599924337,0.515344993273914,0.00747631945361278,0.0177650874054175
"9402",14.1017879909768,-1.35456712552239,0.584323329052577,0.00747579080188584,0.0177650874054175
"14854",4.88367461724951,-2.63870069987142,1.48643163067384,0.00750108869753764,0.0178174003281706
"11848",11.8096172425058,-1.37496876943144,0.600101330669615,0.00757571519268747,0.0179808658032978
"6177",3.85723716617486,-3.04521985214823,2.44253188645113,0.00764137361185919,0.0181170295778958
"15908",4.909095576275,-2.63456011190469,1.4917759167469,0.00764214400235559,0.0181170295778958
"11499",6.14166106903545,-2.13660727812104,1.01864821493443,0.00765815905406616,0.018152191312612
"15968",3.6602889428816,-2.71661529594929,1.60366891936899,0.00767033114004844,0.0181727565956895
"7396",2.02008762452875,-3.13377720098015,2.55734876547276,0.00768397769467783,0.0181981502614128
"2631",6.44712911113772,-2.09552668849,0.985135602690684,0.00773299891904342,0.0182984889597291
"4696",2.42811144838396,-3.29263166632446,2.77183091502086,0.00773242652841171,0.0182984889597291
"3509",19.0942482244446,-1.05002725321088,0.432638092006412,0.00775399730157881,0.0183396917832779
"6133",7.45290122525998,-1.94642858864557,0.922536013376857,0.00778748158868423,0.0184076804685367
"10805",11.9223207280657,-1.60721608888036,0.727340341667924,0.00778754180546646,0.0184076804685367
"4327",1.91633610763865,-3.27575027602483,2.78153903922173,0.00787796991888499,0.0186042315630987
"1224",7.63446457884926,-1.57275121771247,0.71441256517746,0.00792857703370857,0.0187122223393617
"2839",15.2178794623191,-1.15205216538365,0.486482260734434,0.00794050199574213,0.0187346028172646
"14911",3.28291155793941,-2.65284471439504,1.56424376205215,0.00808068506429632,0.0190302303824249
"9406",5.09599882199796,-1.90369183671472,0.930582286586225,0.0080864903349353,0.0190409793138294
"4072",17.9432588123454,-1.10397407084033,0.461613548297386,0.00808797931602145,0.0190415630881874
"3534",12.8716497254774,-1.32315602464266,0.574944854743452,0.00814904356250563,0.0191706187334443
"6762",2.52563685736294,-3.10009554410202,2.57735743855757,0.00816155733902495,0.0191971139433788
"13518",3.6978926952572,-2.60472142000105,1.51123797297395,0.00823481205218222,0.0193561656262044
"4865",3.06738060092996,-2.64326066685067,1.57133606638446,0.00827775272503329,0.0194525287272455
"9544",8.47849958968269,-1.44523946519606,0.652871046735351,0.00829573649727681,0.019488820253823
"10774",3.64346113280542,-2.89053514680116,2.33958419987836,0.00832761024578298,0.0195577106996859
"15469",2.2958312264713,-3.16209795181436,2.70140639425575,0.00840202348412905,0.0197173824284173
"12793",1.88092514893804,-3.07782753497142,2.58783085913129,0.00841996311494683,0.0197534394606467
"16214",2.0293618279693,-3.22653847665795,2.81183271381692,0.00841943773046065,0.0197534394606467
"13853",1.90147887464608,-3.28965765400726,2.92070771871478,0.00843927891264687,0.0197896769611403
"7768",3.02299988818941,-2.70382663522339,1.69099040177058,0.00850642707415592,0.0199227767667187
"4934",2.0130449513059,-3.14976037856389,2.70777782979495,0.0085446216595981,0.0200030714255742
"7669",1.93423450841725,-3.20910177039828,2.82379968172668,0.00862292727447223,0.020167949817149
"15829",5.18964893476907,-2.10841746605605,1.0382146928127,0.00863828059271075,0.020200752802006
"14954",6.51262991982189,-2.36915525927749,1.136876714339,0.0086421246732783,0.0202066624294589
"4615",11.514648067698,-1.34521477560054,0.595323520740763,0.00865162081848597,0.0202257836687536
"3305",13.2458562887528,-1.24342384512691,0.538920087428987,0.00866664626879434,0.0202547378068715
"3402",1.70435222711542,-3.13399937103449,2.71594554703187,0.00871285120996546,0.0203596217049193
"3739",2.16038748683423,-3.34389410588587,3.15928777910716,0.00872126858676065,0.0203761875935235
"16248",3.61853026171945,-2.53744597711079,1.46745702168266,0.0087444585815942,0.020424147970376
"12472",4.93367585460027,-1.95871683941217,0.969877639699246,0.00881109094989093,0.0205609990029166
"16068",2.02270363688104,-3.12204262770714,2.7214973950204,0.00883483174250972,0.0206007330433627
"11914",4.97743187224116,-2.06791646316763,1.00652153895287,0.00885061676336258,0.0206312690671942
"11956",7.23137092448004,-1.70008275542905,0.808176736041082,0.00890533694603392,0.0207493674659071
"10635",6.66722355513065,-1.49017662165041,0.686888800833587,0.00892798404582777,0.0207959792773789
"5605",2.65050622425657,-2.60773742759901,1.59384691072305,0.00893058663482827,0.020798723548599
"6861",21.5995622389131,-1.0658910623644,0.45232458435476,0.00896069269141537,0.0208502327528775
"15453",4.79814853934088,-2.90239284444285,2.35612066659074,0.00896085737942216,0.0208502327528775
"10877",3.51865732756245,-2.52610785963597,1.47410119817835,0.00896276633548098,0.0208515123404526
"16290",2.2287335759697,-3.04133169857398,2.61027356244491,0.00896881005680525,0.0208592470367687
"10794",14.789890907596,-1.11215870033915,0.473983443939636,0.00897836103149077,0.0208751315814764
"3116",5.31350359330592,-2.10192949936341,1.04541797259648,0.00899180539370764,0.020903222750857
"11113",4.64970524997189,-2.10206639586662,1.04563040498417,0.00899805772443581,0.0209145886480865
"10151",5.55935895206574,-1.72817979414266,0.833511137226893,0.00901706270899073,0.0209492418449492
"1015",8.45276551203683,-1.44789100569415,0.65810510716267,0.00904935677268161,0.0210179050807227
"93",9.02077818209081,-2.84710324518761,2.36165398629422,0.00911219862145412,0.0211446556940367
"14119",9.24331806399567,-1.63979909084245,0.786966775822996,0.00913289188532864,0.0211894692570085
"15893",8.71879671510097,-1.92885030746016,1.01032148124975,0.00920650468253224,0.021334451192281
"10353",14.6513495767754,-1.16556225629898,0.506440307366415,0.00926631019905889,0.021463314822488
"5366",3.10500951059995,-2.83432365901441,2.36705101009651,0.00930365959822086,0.0215400708036069
"15416",2.98406584147795,-2.78049818742079,2.05258615293149,0.00930746801153297,0.0215456369494494
"15074",4.51329384785349,-3.40892300485756,3.59103809979447,0.00932443236274902,0.0215732873261967
"7938",8.69721083423254,-1.44521259810598,0.66205777281346,0.00945783395158238,0.0218574403252189
"8947",1.92327257911877,-3.00291297796582,2.63044576192155,0.00947222226900106,0.0218840997249335
"7024",5.65631352216616,-1.7493725205765,0.864224070000698,0.00956955309659412,0.0220856879002773
"13208",6.33076334116026,-2.45680688359967,1.4266857826114,0.00957923427274004,0.0221047061883968
"4244",16.7269654127852,-1.02303872376952,0.434911514978312,0.00962504356862163,0.02219372459774
"2746",7.86525456563433,-1.83713630727967,0.889019453692175,0.00966915017144038,0.0222753410030645
"13767",1.66025571282775,-2.98662967439183,2.63797834115136,0.00967419658239927,0.0222836208022447
"7075",11.3085765263281,-1.21023721957356,0.532191419150941,0.00967969587066092,0.0222929411203168
"372",15.7313235573938,-1.13781765661584,0.493981992399608,0.00970908274910438,0.0223438513003613
"8255",8.0204359283679,-1.8367704042783,0.889857646411042,0.00971420273484562,0.0223489297586949
"11263",1.92638994675218,-2.89861052007666,2.51320343478263,0.00978210349031885,0.0224916550055391
"10469",3.36570594370899,-2.43104952747842,1.29372163885505,0.00983765383651156,0.0225990601607422
"2413",4.18353027800124,-2.36842911974535,1.21008435824457,0.0098670643785211,0.0226598366651174
"14829",3.29776667688164,-1.12564072894354,2.22619791418729,0.0098897928806062,0.0227052359968788
"3754",19.920096833035,-1.1046460962304,0.480073448865995,0.00989153611667785,0.0227052481956339
"11125",15.5542533795762,-1.08805672280887,0.469330141305948,0.00989684412461339,0.0227112293454896
"3363",8.747973668644,-1.28636226078276,0.582878863064047,0.00998177847045187,0.0228855987854368
"15157",4.39049154450967,-2.48580582067089,1.37929799745471,0.0100251107387409,0.0229746488520541
"1667",1.74774228189501,-3.0876617493844,2.90841475200267,0.0100385953780764,0.0229986813328096
"14355",2.49938052997955,-3.03198823667558,2.78413964646561,0.0100787056519126,0.0230802359428798
"11552",2.05315748104368,-3.05966762013747,2.91252640606575,0.0101484201821064,0.023212166197683
"15277",7.17846936976947,-2.10814146242907,1.10240750900678,0.0101508288182613,0.0232142147203134
"6234",6.29927933789014,-2.00260812192137,0.991924695615481,0.0101713658430329,0.0232565871457457
"14576",4.85927706179907,-3.17490176045371,5.01837346639825,0.010211152105036,0.02332435711591
"109",10.5956524385595,-1.21917592743261,0.547268357136202,0.0103105039832623,0.0235232806862741
"10451",5.21475529377824,-2.35106746283469,1.22188789198107,0.0103876102482457,0.0236886302079122
"10947",4.53140600668355,-2.03317770543369,1.03388662573558,0.0104098243094374,0.0237322339345762
"13058",3.77066646092218,-2.42156504512888,1.44927891153643,0.0104341221547025,0.0237805609357695
"15879",6.81554663838508,-2.13316531416554,1.14237294808391,0.0104398504781527,0.0237900825614579
"15922",3.9891809793669,-2.09778356002754,1.10811027038887,0.0104755714127926,0.0238608509778024
"4195",2.0205393708454,-3.12815062353628,3.20739639244392,0.0105331127937035,0.0239670101725928
"3492",21.1460364501228,-1.02838722030804,0.444158780276811,0.010547699043428,0.0239966110945259
"10138",1.62320682705873,-2.92089050709005,2.67340315843543,0.0105781308143543,0.0240520773489655
"14610",2.37346479930992,-2.92515543619689,2.67436251265005,0.0105783365672176,0.0240520773489655
"14462",1.7261251796287,-3.11973359729585,3.36222001743916,0.0106325495623126,0.0241610201324884
"5067",1.79015731911307,-2.98170788448797,2.81148681555781,0.0106556096230285,0.0242098353985082
"14572",3.68951773490372,-1.71158429891462,5.49563799068981,0.0106885954737297,0.0242739964999164
"14653",2.94434591806696,-3.16117868397537,3.53308774275094,0.0107830436629123,0.0244703799615535
"5440",5.39502336929766,-1.88771859348814,0.969550428339682,0.0107968044881025,0.0244907408724064
"12893",2.6748815105767,-2.74214248537572,2.40185401332525,0.0108540017819636,0.0246022971400011
"11267",18.4090202942204,-1.2519221225052,0.575547801056742,0.0109384210726218,0.0247726280924062
"3624",9.6805440216755,-1.32818695662397,0.613811721329268,0.0109499818213522,0.0247942106087672
"3851",11.4045573182042,-1.30155959116866,0.598923502401431,0.0109998709926622,0.0249035001682775
"13500",3.12954766675186,-2.53450669828321,1.7252846949879,0.0110434736377021,0.0249948393602689
"11425",5.1123192416383,-2.25915704745166,1.14452548103063,0.0110897346415334,0.0250847410592728
"15902",1.96428532583338,-2.81318226793167,2.55335768962631,0.0110928385830975,0.0250880634405166
"15907",2.22085597401072,-2.81666470873235,2.55502023296806,0.0111061063760824,0.0251143684787372
"10021",2.15885939222695,-2.5012712480771,1.66589347339184,0.011141209174804,0.0251863227300749
"15214",6.19971984322341,-1.63637126359149,0.808640820356607,0.0111550708600137,0.0252139440490853
"7641",12.2364190932793,-1.13198443077303,0.50309421655833,0.0111743032493185,0.0252536949115178
"7993",5.74171260570791,-1.66743767161852,0.835106276285251,0.0112272340687522,0.025362110176217
"4009",1.74259501500998,-3.07535608414012,3.60692200699973,0.0112560613064601,0.0254234872111023
"6878",2.02715016617492,-2.80022074350082,2.5620658384258,0.0113261078112975,0.0255553635512848
"12717",2.16840690425721,-2.94921342083619,5.07047471326187,0.0113247639504804,0.0255553635512848
"5878",7.40623683618703,-1.47641381175345,0.707057347829944,0.0113607031260658,0.0256258847490778
"11902",1.8547718253194,-3.03099063149508,3.291009977125,0.0114337861695963,0.02577557760801
"15484",5.8209920746883,-2.63628733859072,2.62041581844,0.011441843522246,0.0257899522788042
"2160",13.5612859926707,-1.03645740210178,0.455007823303569,0.0115377876076863,0.0259756823572607
"1128",6.81891996360703,-1.56015618300272,0.77284639103175,0.0115598221496659,0.0260176545756673
"10484",6.85267039396199,-1.97424458102698,1.01369429732707,0.0115716811905482,0.0260405257416516
"4371",5.37388394113558,-2.33225576973098,1.40466879473094,0.0115960608236018,0.0260839116282836
"3449",7.49094555725437,-1.56742947292112,0.760532700230073,0.0116276523211295,0.0261473061062715
"13692",8.96394190824197,-1.38724187616076,0.65690914350804,0.0116426779947611,0.0261772579826524
"7411",10.6379630468403,-1.27281869152663,0.588087938116057,0.0116709950552687,0.0262370808986062
"12038",3.6632704283439,-2.07080645202183,1.1298429368093,0.0117073634107563,0.026303423167555
"14070",3.99972091942005,-1.40557829827947,3.1805919793291,0.011729641659933,0.0263352875944703
"13988",23.7403314052631,-2.09490521985679,1.3228336415202,0.0117515580725239,0.0263679665847813
"12645",6.72563403178616,-2.60696736272656,1.89545310414215,0.0117681006370793,0.0264012235816213
"16176",2.24014856587164,-3.01445533846452,3.50079740634583,0.0117765382857686,0.0264162904851678
"15308",7.30172910444889,-1.99494240707624,1.18911898437977,0.011782973687835,0.0264268623435832
"3057",7.04550053767862,-1.43781132970427,0.694987482802423,0.0117901587325129,0.0264391121650022
"10630",8.88637974583895,-1.35250443875726,0.63810850538408,0.0118329125162972,0.0265272321358194
"11693",5.19240174580974,-1.96524112964974,1.01706574170262,0.0118567570525246,0.0265729219189139
"15405",6.15230691515596,-2.32540843897493,1.52671175769308,0.0118676401668128,0.0265895448422034
"6801",13.5142514886546,-1.09753365259694,0.489988783696852,0.0119199604096468,0.0266911781326928
"15225",3.62926902799305,-2.56862177439602,2.52046162788485,0.012026903804192,0.0269031615494558
"16111",6.27460577624781,-2.50698772579061,1.63468164519182,0.0120299861853785,0.0269061338254027
"9645",15.4165347783077,-1.03954881425679,0.459314294733519,0.0120550585329819,0.0269582805817724
"10929",11.470754838421,-1.16323574260548,0.528813319925952,0.0120628824325253,0.0269718456954585
"15595",5.33648933182509,-1.62655861001003,0.818242255604082,0.0120800253573183,0.0270023060980965
"4529",10.1626878591721,-1.34927863260315,0.640574511448037,0.0121906034359151,0.0272264847287328
"334",5.56555211258036,-1.62632737704396,0.819556307274835,0.0121941745137072,0.0272296928487571
"3368",1.88036174622355,-2.74195270421511,2.5897046408253,0.01225917880927,0.0273668820705121
"13889",1.73409805844575,-2.79864324453269,2.7410394477398,0.0122977285237532,0.0274449525439921
"10290",10.2571811782221,-1.47734894721927,0.72739139225811,0.012376173356349,0.0276079714752055
"14815",12.059222971286,-1.90038899786879,1.07098481220005,0.0124659851557633,0.0277881171356786
"4174",1.99987358224599,-2.72752221645534,2.59676799358781,0.0124945456342097,0.0278396476424163
"12904",5.63753210804658,-2.9281127672832,3.60676370498871,0.0125620326316728,0.0279778293900066
"14868",4.88513743530499,-1.88612173861924,1.02513418809201,0.0125675315320217,0.0279860139761697
"12601",12.7429044902848,-1.10499009720961,0.500362091835654,0.012645088400045,0.028152239095046
"16280",2.0975480144049,-2.82548747592291,2.90983260199208,0.0126659126187402,0.0281928184113349
"11542",4.16457310074466,-2.01852497820683,1.10786834438571,0.0126877386380984,0.0282250215926263
"4303",1.72578860799502,-2.8596937342842,3.2536260160294,0.0128318106538114,0.0285083218739399
"4293",1.6564794643333,-2.80121402893938,2.91948055187275,0.0128566496356343,0.0285552367341541
"3277",11.4852999971419,-1.16131970968825,0.533604770049486,0.0128586748263502,0.0285556010798511
"5140",9.77592949477897,-1.31494424872336,0.62761953989226,0.0129224657275821,0.0286806584201205
"3254",2.07506705570498,-2.69805719812681,2.60885386833217,0.0129268914336737,0.028686331395264
"1205",14.0069653690696,-1.0637640785579,0.478922826719871,0.0129421867338886,0.0287161201819309
"13113",2.97151476909626,-2.32330193793918,1.50826424057312,0.0129512148435436,0.0287278429007502
"15036",10.5845393674055,-1.81737129264958,1.04596154869089,0.0129922496315849,0.0288105341953183
"9332",12.3952350751572,-1.21490979007134,0.564149566084962,0.0130087133795139,0.0288345405059061
"14205",1.69838381325173,-2.82076373939627,3.09526074643826,0.0130362636552929,0.0288914333761605
"4989",13.4170980099947,-1.15382782221689,0.528516911595417,0.0130472567982632,0.0289116206030838
"15328",4.30610172265821,-2.46789573372041,2.00337357611818,0.0132100242959734,0.0292385174225506
"14629",6.17241010539334,-1.95646766441297,1.12858648795996,0.0132800241095742,0.0293849740284392
"11754",3.04739005602168,-2.03210232436383,1.15488987274464,0.0132947545719752,0.0293966067619398
"11091",2.07652896341376,-2.64318055516986,4.76561958425014,0.0133162915714497,0.0294185545832616
"15715",2.06130973176795,-2.76865465551562,3.72914429966482,0.0133428318995469,0.0294687015740245
"15791",3.74049284742314,-2.20078025287321,1.18819165677483,0.0133945794219354,0.0295744757620887
"15986",2.16283185600105,-2.66902490079095,2.62523224094203,0.0134641775934338,0.029706769746341
"7858",4.14260141305136,-1.93557521876174,1.04129706420189,0.0135553614498339,0.0298821710811495
"15643",3.78646873935478,-2.29537756067934,1.52429736769175,0.0136988723981053,0.0301681927951958
"16100",3.02258759407776,-2.52876857662027,5.00930503691484,0.0138065600466576,0.0303922597985464
"9910",5.92661775668709,-1.80625750346179,0.976384290690978,0.0138777500216898,0.0305270707645571
"1172",3.84290599447048,-1.80138589777381,0.975586881773111,0.0139132412595752,0.0306007541063162
"10734",14.0184926409404,-1.16014728914012,0.539920369666512,0.0139579044137162,0.0306945861286581
"1345",3.15575727271765,-2.21542094677963,1.2481728943198,0.0139723848500317,0.0307176244095195
"15732",2.57908324821154,-2.56898007825216,2.47496136834807,0.0140264541417383,0.0308188294281384
"14807",4.14115361456145,-2.39878080809892,1.65658571626398,0.014102804512063,0.0309688463759242
"3053",2.09439489886292,-2.72517879689069,3.36103821291856,0.0141086107267694,0.0309771629050978
"15578",3.77123896090203,-2.28293702662279,1.53419755841054,0.0141258047833245,0.0310104768622904
"7752",6.83273001147036,-1.54207755623779,0.782669471133574,0.0141320070493771,0.0310196543860648
"6016",2.86956417703292,-2.67853107739149,3.86180386491903,0.0142038580429856,0.0311639916993462
"13046",4.52918532528623,-1.83057691207041,4.81301310568245,0.0142127685545453,0.0311746258659597
"14719",2.75553493273209,-2.65311052204893,3.88657469530442,0.014377800485878,0.0314915907001894
"14129",4.71847760234695,-1.88422425580758,1.00966608958194,0.0143916745176174,0.0315174796065949
"11730",1.56826600082478,-2.60190573092703,2.64993208924669,0.0144707635669609,0.0316635660878324
"48",1.77847196963855,-2.67022173999318,2.99996862401179,0.0145129462181519,0.0317468112097383
"13176",1.7865788028407,-2.64272095096084,2.82405095328122,0.0145521372282923,0.0318280030639612
"16009",3.49007378707784,-2.2308434805045,1.30869957278264,0.0145884061946958,0.0318891460671345
"14008",4.59495523847244,-1.94994091604435,1.09668322606864,0.0146123113427468,0.0319368508449808
"13833",2.65238817988977,-2.28460535061853,1.62624959852153,0.0149354280660608,0.032568827859234
"15014",5.19712668667281,-2.02342194796203,1.2199880946483,0.0150826921559455,0.0328712707029363
"9550",4.51803151920123,-1.87109945856087,1.0177685724618,0.0150926972910587,0.0328884042801751
"14813",3.40816426401609,-2.20686482804843,1.47520826100077,0.0151695020017369,0.033037000597963
"15479",3.4026974010628,-2.24077780897035,1.55581994379429,0.015250678620822,0.0332043652730626
"11670",4.44511377825419,-1.87020755719612,1.02002621103049,0.0152554900775543,0.0332054169754456
"11114",6.49135029022213,-1.53097350983962,0.791678679045776,0.0152590362769353,0.0332084246236905
"14135",4.09635843230644,-2.15172366205386,1.22214942361451,0.015406262880483,0.0334908318752126
"14876",7.03395524197228,-1.49766978957062,0.790472230042694,0.015487922809067,0.0336492777767652
"11564",4.24903599161494,-2.29135060421536,1.51696005501334,0.0155167603458667,0.0337023858984475
"13140",1.72865454498672,-2.53240998921352,2.67692461680459,0.0155727545980168,0.0337977125388517
"10837",3.40020888900227,-1.4989604710821,3.2276120711131,0.015642911826347,0.03390918284143
"15247",2.61360286498307,-2.5345498083608,2.68202738023006,0.0156591420031171,0.0339395699609868
"10636",4.56974622054135,-1.86395957216974,1.0254448117448,0.0157032884375814,0.0340160319776665
"7757",5.82813510683137,-1.4696709806191,0.77269639668653,0.015784987278995,0.034178529469605
"13187",3.15451965361331,-2.22131082718569,1.56732428937843,0.0157944796432074,0.0341846101235337
"16065",5.39650787108124,-1.55741453200874,0.825030540983938,0.015824724194672,0.0342452388319962
"3881",5.14948838810752,-1.69666417848184,0.945166318667657,0.0158632903398419,0.0343141778773713
"5708",8.35385294850935,-1.27404102869327,0.627808084865761,0.0159755245823611,0.0345277466780063
"8554",4.19493343742397,-1.7724748342055,0.999016812100499,0.0160411576958292,0.0346500749721396
"4957",9.05385233186359,-1.30377056329928,0.6474249640207,0.0160592379371796,0.0346842465751896
"5221",8.34333605487953,-1.6374006529638,0.886453819152649,0.0161435555763615,0.0348369301277235
"14319",2.853935436777,-1.22243918583329,2.36220447014007,0.0162644921244919,0.0350732400092873
"10123",1.74960330947147,-2.44845425560371,2.51563304282217,0.0162773781279887,0.0350942056783885
"5057",11.248366321949,-1.33006145540635,0.669322073426591,0.0163326195374113,0.0352053078902082
"15969",3.05875124517024,-1.29114456887387,2.53685589921159,0.0163928360093673,0.0353251801814218
"13191",1.7859955132818,-2.43776179253049,2.51773802493902,0.0164440883255578,0.0354107574988116
"13331",5.70146634584808,-1.81612884020719,0.988906451764974,0.016449956361257,0.0354184227407756
"4382",3.79603915075654,-1.7653824224291,1.00385768211992,0.0164944283474787,0.0354913124349579
"6525",1.56114146556846,-2.47860786601775,3.3009155683937,0.0164914484066637,0.0354913124349579
"432",1.68402473093002,-2.47621351957742,3.30202398638104,0.0165206780216085,0.0355357861889162
"122",9.11670285620664,-1.3365069749012,0.672578057415997,0.0165282272598155,0.0355470410495304
"16233",2.02611351980055,-2.47343457361694,2.70072980926581,0.0165794384404286,0.035647186658001
"2331",12.1557260467666,-1.08861985208703,0.516799408590578,0.0166065554228956,0.0356854873744381
"4714",1.85232827805782,-2.49522105870782,3.08838626889206,0.0166175214840483,0.0356940546170732
"7416",11.9657915312139,-1.11202755115021,0.531142040161736,0.0166154241778627,0.0356940546170732
"9846",14.8030143850503,-1.0405915149283,0.488121503842925,0.0166231521105153,0.0356961543501241
"14082",10.1067058406946,-1.19781195633258,0.584621197243403,0.0167175775258799,0.0358788350789726
"1576",3.40756691664382,-1.93650188513778,1.16399450910875,0.0167249926275839,0.0358897289349679
"5684",10.3432547978768,-1.30481916574822,0.651712987928912,0.0168515204344532,0.0361511294778825
"5918",4.22961845509281,-1.87774388563285,1.08241860670112,0.0168607105710241,0.036160732777638
"2073",2.56601257032899,-2.42196393997654,3.31262367625072,0.0168879510040233,0.0362039726498154
"8172",2.67541596621747,-2.40994990188203,2.52580803167401,0.01698044195475,0.0363717605628547
"10518",2.68087929678104,-2.20101261122561,1.67312742112872,0.0171354616730261,0.0366730908703082
"6326",3.72713450628735,-1.72399544800913,0.975146238134306,0.017240937864506,0.0368885385099869
"10433",11.9312394079575,-1.15050394579622,0.55930177008362,0.0173315784528599,0.0370617990525755
"14006",14.8421912599676,-1.8151456471706,1.16342094892046,0.0174185450966523,0.0372373885213788
"1774",1.70140258623746,-2.43083636329597,2.91024838404801,0.0174366102953883,0.0372656235913279
"13158",2.03075928547771,-2.38827373211716,2.53132620471132,0.0174347750817122,0.0372656235913279
"12968",3.50213671667298,-2.19889526871807,1.75716659640693,0.0174495464812075,0.0372880768330317
"13961",4.8422355670771,-2.19279276665777,1.6803381894719,0.0174618283753947,0.0373091258548504
"15341",4.95881734680173,-1.72267188856558,0.977475017406117,0.0175034996817002,0.0373929539983747
"14091",4.60356523392038,-2.10097587369563,1.43444941880707,0.0176196795454831,0.0376097305601484
"13104",5.96621333342707,-1.86463081154285,1.0907665916512,0.0176280694077657,0.0376224049135276
"4667",6.98464833912771,-1.41703402760381,0.739803989659162,0.0177676507720781,0.03791023496225
"15631",5.35770392366953,-2.0971796426916,1.25954888273043,0.0177771092921245,0.0379246646091582
"13373",5.01113998861478,-2.2537090473931,1.81167711770111,0.0178185721372676,0.0380078343253296
"12551",1.70402575326033,-2.39354908969844,2.72419708393811,0.0178271368855427,0.0380208175194442
"15345",4.24861139190143,-2.41452992393787,2.92447377483382,0.0178533150931747,0.0380660663527764
"11762",1.38761930999827,-2.38841858441412,2.91813572102764,0.0179251626444369,0.0382086371844396
"10082",7.70576571544249,-1.41533798840583,0.741675162828341,0.0180701730667377,0.0384749743773185
"12134",2.12330887270113,-2.16377237385332,1.69057753763653,0.0180733588429953,0.038475199847679
"7119",8.26513781963204,-1.2171816956358,0.612775146455948,0.0182602647565895,0.0388312185946436
"7138",1.5384365367531,-2.34244898917061,2.54201246712365,0.0182686159296854,0.0388435939868575
"4629",11.9655124482736,-1.34737523091658,0.687115930964814,0.0182897912057903,0.0388832293848469
"3596",9.9679474503641,-1.18401816112043,0.586616153525301,0.0183282526529366,0.0389532661334375
"15766",2.3798106374013,-2.34546096552159,2.72305504132855,0.018330351396951,0.0389532661334375
"2907",1.68490266984322,-2.28389652158702,3.36552236077814,0.0183439735786543,0.0389768157619849
"13174",4.37163708830797,-1.71206326909405,2.93895125840255,0.0183519234220284,0.0389850631647191
"14033",2.20368307599914,-2.34181632000029,2.54478826392098,0.0183529369249017,0.0389850631647191
"15260",4.01835189840324,-2.16503944903667,1.77966064215268,0.0184636483980474,0.0391985273794439
"2841",13.7576727475123,-1.03455199068851,0.495753462472684,0.0185181274685158,0.0392924394619608
"275",1.41990910008951,-2.31033614174372,3.14042064975201,0.0185758964109531,0.039404117051466
"16232",2.70612069716767,-2.15925914151846,1.78211653630338,0.0185848951867803,0.0394126449325919
"12158",9.94570853383005,-1.23528842509479,0.625423817266861,0.0185998333827863,0.0394379965841813
"15122",3.36898992362869,-2.16778766197083,1.94796020739227,0.018602149597844,0.0394379965841813
"11732",7.34383911574266,-1.7479955424675,0.963156628326565,0.0186222239724406,0.0394696480742032
"3815",8.63810483654886,-1.20971729654344,0.607531179106221,0.0187027849902426,0.0395966372437274
"6042",9.13610929272679,-1.26237775288607,0.641418342678003,0.0188122745255618,0.0398064719412074
"3721",2.28874913002581,-2.11966983240783,1.62242574966259,0.0188326343472218,0.0398330726205437
"9731",4.95606151359762,-1.78136159505309,1.01386320529671,0.0188945698068952,0.0399585643759054
"15644",4.37006539272902,-2.13352452412836,1.436744679872,0.018978727202529,0.0401254804283316
"11079",4.63952258586631,-2.04120677046155,1.22136625622469,0.0190458883061985,0.0402619267404249
"10821",18.1561671148046,-1.01107673200543,0.485825235482567,0.0193420789953674,0.0408317993981732
"4160",4.58689786354914,-1.80643785396926,1.06474441221654,0.0193895043801196,0.0409150276033798
"6099",2.2858813183381,-2.24687920233745,2.36824721450456,0.0194785426695982,0.0410859609815294
"13391",17.5961468851097,-1.26641781773075,0.665023699175342,0.0194829539536084,0.0410869364582749
"15780",3.23383017457206,-2.10022564640492,1.39241407908079,0.0194843609248783,0.0410869364582749
"8469",1.30325044436555,-2.25793668724425,2.94412807908411,0.0196589206212411,0.0414290066004519
"12495",1.7143531831599,-2.26967152738763,2.55604045754325,0.0196922110427315,0.0414796257590101
"12913",2.59658780973855,-2.26552021275741,2.95160987792415,0.0197021957943516,0.0414949608885019
"14897",4.05256474252271,-2.28496627369255,2.75412599927896,0.019778533411205,0.0416385892052851
"13124",7.63462335707647,-2.17698227908144,2.18299513082526,0.019786120257021,0.0416488466323877
"6432",8.4811075774574,-1.18799578892613,0.604595645276596,0.019932247295421,0.0419276762069708
"13766",3.74350857322645,-1.05990241705775,1.9459180816714,0.0199934584719878,0.0420449058848286
"4018",1.42027316965703,-2.18219094719033,3.14817792001581,0.0200028056429934,0.0420587977224131
"8788",8.46696322308671,-1.72944191439955,0.976499217386846,0.0200855742775993,0.0422154748138639
"5491",8.78947219864536,-1.16510160818394,0.588973179868377,0.0200946574414577,0.0422287808689613
"13037",4.22483984712812,-2.14262446715029,1.66599061748316,0.0202311300590918,0.0424632323524824
"2699",1.54015972428468,-2.23451195216095,2.5599082765363,0.0203569746546391,0.0426864920221578
"7207",1.57093644957036,-2.07188384499945,3.33294823075263,0.0203568630564969,0.0426864920221578
"14451",1.80919683533811,-2.0621341115195,3.3329855205169,0.0204826155119726,0.0429147575857157
"10107",1.36642888084586,-2.2245434894059,2.56004730648221,0.0205211137735412,0.0429836789935075
"14837",2.13567665406935,-1.09293835248483,2.00147898330283,0.020570072923057,0.0430568388620005
"15622",5.05581351743076,-1.98427465969184,2.34342854625864,0.0205742013432314,0.0430596059486017
"12162",8.39926904324852,-1.32076318510251,0.698035142610346,0.0207232563954856,0.043324284354263
"5763",5.3160716766293,-1.98501396076687,1.38688824358573,0.0207499002684146,0.0433731790236794
"12000",11.5350400571944,-1.13872053949679,0.574661427288353,0.0207584134943469,0.0433741438436286
"9869",1.67868817997658,-2.11706657822147,3.14001125832018,0.0207784338677009,0.0434041539594465
"14865",6.06294045099215,-1.81079877844282,1.2756472139176,0.0207765747321135,0.0434041539594465
"15880",3.0337620106475,-2.03327745676325,1.57011793690418,0.0209917811382726,0.0438021077117526
"4566",2.056323404458,-2.04087831971968,1.65561162159991,0.021021772825311,0.0438587245660521
"11002",1.71824771185701,-2.19023296590688,2.75508809755099,0.0211495143100452,0.044101250075975
"8024",12.0084036270161,-1.04374705733967,0.515393223561468,0.0211940881113192,0.0441701839027398
"15151",3.88105300387751,-1.74765651729738,1.03555778390852,0.0212643726174012,0.0442925969411874
"7491",3.32095876700712,-1.77774278089909,1.08385785677306,0.0213643769848431,0.0444888214004409
"13896",2.55752422709866,-1.05493824970543,1.92264264444493,0.0214262457356543,0.0445873983890064
"15018",4.3872808409061,-1.74362076909085,1.03690598515792,0.0214571758393705,0.0446410583317967
"11618",1.47894466222567,-2.17699384704497,2.56425205724807,0.0214695749216131,0.0446569621152605
"14194",14.5775718959941,-1.01246402394978,0.497706324842451,0.0215296887414284,0.0447662304322721
"7637",2.25351621659573,-2.15753023658404,2.37647997903022,0.0215649432255473,0.0448269090843994
"16041",3.28648813593872,-1.8015893150028,1.13183712759101,0.021567636242002,0.0448269090843994
"16128",3.10926794606865,-1.82353729742166,3.30160484271144,0.0215755031937585,0.0448371861711821
"15494",3.70670601139869,-1.84321250251716,1.22084547201152,0.0216875783888442,0.0450456904318447
"15421",9.22634526380938,-1.17152327508183,0.602253948722998,0.0217235697344187,0.0450899256541106
"15668",2.93559850222028,-1.50703049406884,2.86153022222333,0.0217206756522741,0.0450899256541106
"14144",2.39197642484475,-2.11396020731774,2.95060354537876,0.0217822415583548,0.0451994769042248
"15717",2.26036987653392,-2.15803621522437,2.56568198034965,0.0218841007668205,0.0453862879244832
"7402",6.72455508635422,-1.41224263014511,0.776403081642358,0.0220232725877297,0.0456502393020179
"11599",10.5909040906662,-1.06196957542413,0.533276699315959,0.0221272787486079,0.0458163074007949
"8130",1.6712476748129,-2.12754116048077,2.75400112751684,0.0221540621256972,0.0458593868314317
"14172",1.73999650400746,-2.13987288927924,2.56503752600025,0.0222365902108009,0.046017804640453
"15110",6.20931094424999,-2.06576381530014,1.59880955454747,0.0222521783687383,0.046043853366359
"10090",8.72560566240253,-1.14945046352867,0.591900117153795,0.0222613873276174,0.0460504874973216
"1547",12.2760778933516,-1.02382015781108,0.5098731210221,0.0222783065154577,0.0460715075623483
"12580",8.48973003594006,-1.35562533077466,0.738713526354235,0.0224097695429161,0.0463074874204662
"12842",7.79339443004474,-1.44118089864929,0.82238807288098,0.0224565567346591,0.0463854267608878
"14025",3.20092246007509,-1.99145134884072,1.5899988826314,0.0224610968743929,0.0463885596101509
"14274",4.09554282009017,-2.00043411135681,1.6774509295349,0.0224832324486652,0.0464155322201118
"15698",1.84543091600473,-1.85866316506393,3.16608751981431,0.022494126436426,0.0464317747765484
"16259",1.785763698507,-2.05692447118263,2.93181962407297,0.0225183477419182,0.0464755191558044
"11879",1.42716858211153,-2.04480389813825,2.92451689961268,0.0225926468970765,0.046616323472545
"10036",1.70532710355195,-2.09861735516012,2.74943273580961,0.0226127276132246,0.046645211047285
"12994",1.93632085894837,-2.11860245667761,2.56453964021921,0.0226572799418271,0.0467245492133673
"11970",6.5673074821199,-1.40839307167964,0.780551881058586,0.0227437415618616,0.046883948244477
"13544",6.04953086440956,-1.53773467056466,0.903850343028664,0.0228647565255032,0.0471144183952184
"9609",11.1460240093586,-1.0801959236121,0.549232031762676,0.0228919758763363,0.04715783913408
"13006",5.89120927619754,-1.59051660057728,0.970179557693298,0.0228968968805888,0.0471616443601657
"9173",2.05684231169137,-1.98154837959972,1.68126081290842,0.0229084894372062,0.0471728564535035
"8306",1.47904537510619,-1.92187638395459,3.04116050020827,0.0230489694510485,0.0474112264763959
"15448",5.55971512191617,-1.50616274519496,0.870147474567156,0.0230640931574784,0.0474296181899465
"11068",5.75412289340973,-1.56370475688781,0.904038062126693,0.0231067427386152,0.0475109560223228
"11536",7.59443662212712,-1.30786868324382,0.710588301883188,0.0231485409202422,0.047584197195317
"3032",7.93897536157719,-1.3512373498278,0.742818400035898,0.0231617494767462,0.0475985430246072
"14167",4.0161233726491,-1.94792087620938,2.03568886632254,0.0232828652289904,0.0477962270816698
"12950",2.36473491867533,-1.36366147628946,2.4945839962618,0.0235274882650382,0.0482532084548164
"12127",1.67373360444845,-1.97278894465918,2.89269696199075,0.0235738922119807,0.048332058677945
"12876",1.32940043001001,-2.06584202147665,2.5577105248826,0.0236537227786529,0.0484667559552446
"15429",1.35496579128377,-2.06547304317383,2.55846123017511,0.0236596358812202,0.0484712603226378
"10229",2.20417712651171,-1.94784149992242,1.86580501662917,0.0237246293599165,0.0485591581691463
"12586",1.30340646654876,-1.96015973685676,2.88637813335862,0.0237273029260307,0.0485591581691463
"12788",4.77547313920861,-1.78941809212523,1.19628000489656,0.0237246589877985,0.0485591581691463
"7356",7.05333206421881,-1.4009629915096,0.786119901622237,0.0237568754922538,0.0486131956091824
"10811",1.38833036275163,-1.95299471127428,2.88305978580353,0.0238450258057509,0.0487802816916902
"15287",5.5176162612556,-1.14703019621376,1.98905459589136,0.0238480670644182,0.0487802816916902
"14415",1.32805497533657,-1.94521375530947,2.87545375514992,0.0239133452281348,0.0488883244739032
"10463",1.26572853675108,-2.0305272028481,2.54978122918178,0.0242944244572736,0.0496039685269112
"13639",2.88775185836601,-1.73575319640663,1.11075165756197,0.0244147956981518,0.0498067026188996
"14385",3.05260068870315,-1.93391798226856,1.78996846421991,0.0244531558966795,0.0498783263656944
